Epoch 1: train_loss=3.154, train_acc=[0.015, 0.059, 0.963, 0.026, 0.046, 0.092, 0.807, 0.39], valid_loss=2.857, valid_acc=[0.014, 0.09, 0.999, 0.04, 0.079, 0.127, 0.916, 0.39]
Epoch 2: train_loss=2.81, train_acc=[0.026, 0.072, 0.999, 0.039, 0.094, 0.116, 0.883, 0.438], valid_loss=2.767, valid_acc=[0.009, 0.089, 1.0, 0.04, 0.089, 0.126, 0.902, 0.415]
Epoch 3: train_loss=2.73, train_acc=[0.026, 0.092, 0.995, 0.052, 0.105, 0.128, 0.905, 0.448], valid_loss=2.729, valid_acc=[0.019, 0.088, 1.0, 0.048, 0.102, 0.128, 0.903, 0.398]
Epoch 4: train_loss=2.707, train_acc=[0.023, 0.087, 1.0, 0.05, 0.105, 0.134, 0.908, 0.454], valid_loss=2.708, valid_acc=[0.015, 0.093, 1.0, 0.043, 0.097, 0.135, 0.925, 0.429]
Epoch 5: train_loss=2.677, train_acc=[0.033, 0.091, 0.995, 0.045, 0.115, 0.13, 0.91, 0.47], valid_loss=2.693, valid_acc=[0.014, 0.098, 1.0, 0.042, 0.107, 0.136, 0.927, 0.423]
Epoch 6: train_loss=2.65, train_acc=[0.022, 0.096, 1.0, 0.044, 0.112, 0.147, 0.912, 0.484], valid_loss=2.681, valid_acc=[0.016, 0.091, 1.0, 0.044, 0.104, 0.133, 0.933, 0.45]
Epoch 7: train_loss=2.625, train_acc=[0.028, 0.089, 1.0, 0.063, 0.115, 0.144, 0.912, 0.5], valid_loss=2.681, valid_acc=[0.013, 0.101, 1.0, 0.041, 0.105, 0.126, 0.916, 0.413]
Epoch 8: train_loss=2.627, train_acc=[0.024, 0.089, 1.0, 0.061, 0.118, 0.146, 0.919, 0.507], valid_loss=2.658, valid_acc=[0.009, 0.097, 1.0, 0.042, 0.102, 0.135, 0.934, 0.445]
Epoch 9: train_loss=2.625, train_acc=[0.02, 0.094, 1.0, 0.045, 0.115, 0.14, 0.923, 0.513], valid_loss=2.654, valid_acc=[0.012, 0.092, 1.0, 0.04, 0.114, 0.14, 0.927, 0.431]
Epoch 10: train_loss=2.623, train_acc=[0.012, 0.092, 1.0, 0.05, 0.121, 0.14, 0.924, 0.517], valid_loss=2.641, valid_acc=[0.012, 0.099, 1.0, 0.043, 0.105, 0.142, 0.926, 0.435]
Epoch 11: train_loss=2.587, train_acc=[0.027, 0.097, 1.0, 0.053, 0.133, 0.139, 0.916, 0.526], valid_loss=2.63, valid_acc=[0.013, 0.101, 1.0, 0.048, 0.112, 0.145, 0.939, 0.459]
Epoch 12: train_loss=2.579, train_acc=[0.021, 0.102, 1.0, 0.067, 0.129, 0.146, 0.926, 0.537], valid_loss=2.634, valid_acc=[0.012, 0.105, 1.0, 0.048, 0.114, 0.146, 0.928, 0.459]
Epoch 13: train_loss=2.571, train_acc=[0.033, 0.101, 1.0, 0.05, 0.128, 0.156, 0.929, 0.527], valid_loss=2.614, valid_acc=[0.012, 0.104, 1.0, 0.043, 0.108, 0.147, 0.947, 0.466]
Epoch 14: train_loss=2.574, train_acc=[0.016, 0.097, 1.0, 0.052, 0.119, 0.158, 0.932, 0.543], valid_loss=2.624, valid_acc=[0.014, 0.1, 1.0, 0.047, 0.116, 0.143, 0.941, 0.466]
Epoch 15: train_loss=2.554, train_acc=[0.021, 0.105, 1.0, 0.067, 0.14, 0.157, 0.932, 0.547], valid_loss=2.599, valid_acc=[0.017, 0.115, 1.0, 0.049, 0.114, 0.149, 0.952, 0.477]
Epoch 16: train_loss=2.549, train_acc=[0.026, 0.103, 1.0, 0.057, 0.132, 0.162, 0.936, 0.544], valid_loss=2.606, valid_acc=[0.013, 0.109, 1.0, 0.049, 0.114, 0.149, 0.948, 0.47]
Epoch 17: train_loss=2.55, train_acc=[0.019, 0.104, 1.0, 0.057, 0.126, 0.163, 0.933, 0.552], valid_loss=2.601, valid_acc=[0.017, 0.105, 1.0, 0.05, 0.11, 0.146, 0.952, 0.475]
Epoch 18: train_loss=2.527, train_acc=[0.037, 0.104, 1.0, 0.052, 0.13, 0.163, 0.938, 0.561], valid_loss=2.59, valid_acc=[0.017, 0.11, 1.0, 0.051, 0.118, 0.152, 0.935, 0.475]
Epoch 19: train_loss=2.53, train_acc=[0.025, 0.108, 1.0, 0.058, 0.129, 0.158, 0.944, 0.559], valid_loss=2.59, valid_acc=[0.013, 0.114, 1.0, 0.05, 0.11, 0.151, 0.949, 0.485]
Epoch 20: train_loss=2.524, train_acc=[0.027, 0.121, 1.0, 0.055, 0.128, 0.153, 0.941, 0.561], valid_loss=2.568, valid_acc=[0.016, 0.116, 1.0, 0.046, 0.12, 0.16, 0.947, 0.483]
Epoch 21: train_loss=2.519, train_acc=[0.024, 0.108, 1.0, 0.06, 0.136, 0.158, 0.943, 0.569], valid_loss=2.568, valid_acc=[0.012, 0.124, 1.0, 0.046, 0.113, 0.156, 0.949, 0.489]
Epoch 22: train_loss=2.526, train_acc=[0.025, 0.107, 1.0, 0.058, 0.127, 0.164, 0.944, 0.557], valid_loss=2.573, valid_acc=[0.013, 0.108, 1.0, 0.049, 0.112, 0.159, 0.946, 0.493]
Epoch 23: train_loss=2.514, train_acc=[0.022, 0.112, 1.0, 0.062, 0.132, 0.169, 0.946, 0.575], valid_loss=2.572, valid_acc=[0.013, 0.116, 1.0, 0.045, 0.112, 0.144, 0.957, 0.501]
Epoch 24: train_loss=2.518, train_acc=[0.018, 0.113, 1.0, 0.055, 0.126, 0.166, 0.947, 0.582], valid_loss=2.571, valid_acc=[0.013, 0.113, 1.0, 0.05, 0.112, 0.157, 0.957, 0.502]
Epoch 25: train_loss=2.507, train_acc=[0.018, 0.113, 1.0, 0.056, 0.138, 0.165, 0.952, 0.591], valid_loss=2.551, valid_acc=[0.014, 0.119, 1.0, 0.054, 0.121, 0.155, 0.96, 0.505]
Epoch 26: train_loss=2.491, train_acc=[0.029, 0.115, 1.0, 0.055, 0.124, 0.171, 0.951, 0.595], valid_loss=2.577, valid_acc=[0.017, 0.117, 1.0, 0.057, 0.111, 0.157, 0.953, 0.504]
Epoch 27: train_loss=2.494, train_acc=[0.017, 0.115, 1.0, 0.06, 0.138, 0.156, 0.952, 0.607], valid_loss=2.543, valid_acc=[0.015, 0.125, 1.0, 0.051, 0.126, 0.152, 0.962, 0.515]
Epoch 28: train_loss=2.473, train_acc=[0.033, 0.115, 1.0, 0.064, 0.129, 0.162, 0.952, 0.604], valid_loss=2.512, valid_acc=[0.021, 0.123, 1.0, 0.049, 0.106, 0.166, 0.961, 0.573]
Epoch 29: train_loss=2.47, train_acc=[0.028, 0.117, 1.0, 0.073, 0.132, 0.161, 0.953, 0.612], valid_loss=2.533, valid_acc=[0.014, 0.117, 1.0, 0.051, 0.114, 0.156, 0.953, 0.553]
Epoch 30: train_loss=2.453, train_acc=[0.029, 0.126, 1.0, 0.064, 0.139, 0.164, 0.951, 0.629], valid_loss=2.531, valid_acc=[0.014, 0.13, 1.0, 0.05, 0.12, 0.159, 0.961, 0.542]
Epoch 31: train_loss=2.441, train_acc=[0.032, 0.126, 1.0, 0.069, 0.135, 0.171, 0.96, 0.628], valid_loss=2.512, valid_acc=[0.016, 0.127, 1.0, 0.052, 0.111, 0.167, 0.964, 0.576]
Epoch 32: train_loss=2.44, train_acc=[0.033, 0.133, 1.0, 0.058, 0.138, 0.166, 0.953, 0.634], valid_loss=2.504, valid_acc=[0.013, 0.133, 1.0, 0.051, 0.113, 0.162, 0.965, 0.559]
Epoch 33: train_loss=2.412, train_acc=[0.039, 0.128, 1.0, 0.072, 0.139, 0.17, 0.958, 0.643], valid_loss=2.498, valid_acc=[0.02, 0.136, 1.0, 0.058, 0.118, 0.159, 0.964, 0.564]
Epoch 34: train_loss=2.418, train_acc=[0.033, 0.121, 1.0, 0.076, 0.134, 0.177, 0.958, 0.65], valid_loss=2.501, valid_acc=[0.013, 0.128, 1.0, 0.053, 0.113, 0.163, 0.974, 0.573]
Epoch 35: train_loss=2.4, train_acc=[0.037, 0.147, 1.0, 0.062, 0.146, 0.184, 0.961, 0.645], valid_loss=2.462, valid_acc=[0.015, 0.137, 1.0, 0.06, 0.122, 0.173, 0.967, 0.599]
Epoch 36: train_loss=2.392, train_acc=[0.034, 0.138, 1.0, 0.076, 0.143, 0.174, 0.962, 0.662], valid_loss=2.466, valid_acc=[0.018, 0.136, 1.0, 0.058, 0.117, 0.178, 0.971, 0.6]
Epoch 37: train_loss=2.382, train_acc=[0.035, 0.137, 1.0, 0.067, 0.131, 0.167, 0.963, 0.684], valid_loss=2.431, valid_acc=[0.02, 0.143, 1.0, 0.058, 0.122, 0.169, 0.975, 0.634]
Epoch 38: train_loss=2.36, train_acc=[0.039, 0.135, 1.0, 0.065, 0.133, 0.183, 0.967, 0.692], valid_loss=2.429, valid_acc=[0.021, 0.135, 1.0, 0.059, 0.117, 0.167, 0.969, 0.629]
Epoch 39: train_loss=2.323, train_acc=[0.043, 0.14, 1.0, 0.082, 0.136, 0.173, 0.968, 0.722], valid_loss=2.367, valid_acc=[0.026, 0.14, 1.0, 0.062, 0.113, 0.175, 0.977, 0.697]
Epoch 40: train_loss=2.29, train_acc=[0.053, 0.133, 1.0, 0.064, 0.143, 0.181, 0.969, 0.756], valid_loss=2.326, valid_acc=[0.033, 0.13, 1.0, 0.055, 0.121, 0.18, 0.976, 0.729]
Epoch 41: train_loss=2.224, train_acc=[0.058, 0.152, 1.0, 0.067, 0.138, 0.181, 0.969, 0.791], valid_loss=2.236, valid_acc=[0.033, 0.141, 1.0, 0.062, 0.106, 0.183, 0.974, 0.767]
Epoch 42: train_loss=2.161, train_acc=[0.064, 0.145, 1.0, 0.067, 0.133, 0.185, 0.972, 0.821], valid_loss=2.137, valid_acc=[0.059, 0.154, 1.0, 0.056, 0.118, 0.191, 0.986, 0.799]
Epoch 43: train_loss=2.082, train_acc=[0.079, 0.146, 1.0, 0.074, 0.136, 0.185, 0.974, 0.851], valid_loss=2.095, valid_acc=[0.06, 0.145, 1.0, 0.06, 0.11, 0.18, 0.98, 0.821]
Epoch 44: train_loss=2.029, train_acc=[0.082, 0.158, 1.0, 0.076, 0.138, 0.191, 0.982, 0.861], valid_loss=2.022, valid_acc=[0.084, 0.15, 1.0, 0.065, 0.107, 0.182, 0.982, 0.839]
Epoch 45: train_loss=1.968, train_acc=[0.096, 0.149, 1.0, 0.087, 0.137, 0.203, 0.981, 0.878], valid_loss=1.963, valid_acc=[0.088, 0.153, 1.0, 0.066, 0.113, 0.188, 0.989, 0.845]
Epoch 46: train_loss=1.924, train_acc=[0.117, 0.159, 1.0, 0.072, 0.14, 0.203, 0.984, 0.879], valid_loss=1.937, valid_acc=[0.09, 0.151, 1.0, 0.067, 0.123, 0.198, 0.986, 0.843]
Epoch 47: train_loss=1.903, train_acc=[0.13, 0.154, 1.0, 0.075, 0.136, 0.202, 0.986, 0.874], valid_loss=1.892, valid_acc=[0.121, 0.156, 1.0, 0.071, 0.118, 0.199, 0.99, 0.847]
Epoch 48: train_loss=1.861, train_acc=[0.144, 0.16, 1.0, 0.079, 0.135, 0.205, 0.985, 0.878], valid_loss=1.866, valid_acc=[0.133, 0.151, 1.0, 0.072, 0.117, 0.208, 0.986, 0.846]
Epoch 49: train_loss=1.814, train_acc=[0.166, 0.155, 1.0, 0.093, 0.141, 0.217, 0.986, 0.884], valid_loss=1.841, valid_acc=[0.131, 0.153, 1.0, 0.071, 0.117, 0.202, 0.99, 0.853]
Epoch 50: train_loss=1.807, train_acc=[0.179, 0.149, 1.0, 0.087, 0.136, 0.213, 0.986, 0.878], valid_loss=1.808, valid_acc=[0.169, 0.14, 1.0, 0.072, 0.123, 0.205, 0.991, 0.853]
Epoch 51: train_loss=1.764, train_acc=[0.205, 0.16, 1.0, 0.085, 0.145, 0.204, 0.987, 0.889], valid_loss=1.776, valid_acc=[0.199, 0.158, 1.0, 0.078, 0.122, 0.19, 0.989, 0.853]
Epoch 52: train_loss=1.744, train_acc=[0.221, 0.159, 1.0, 0.085, 0.138, 0.21, 0.988, 0.887], valid_loss=1.748, valid_acc=[0.221, 0.163, 1.0, 0.072, 0.117, 0.2, 0.993, 0.857]
Epoch 53: train_loss=1.715, train_acc=[0.245, 0.166, 1.0, 0.085, 0.138, 0.214, 0.989, 0.889], valid_loss=1.709, valid_acc=[0.238, 0.16, 1.0, 0.082, 0.127, 0.203, 0.99, 0.862]
Epoch 54: train_loss=1.682, train_acc=[0.286, 0.162, 1.0, 0.086, 0.142, 0.22, 0.989, 0.888], valid_loss=1.681, valid_acc=[0.284, 0.167, 1.0, 0.081, 0.118, 0.2, 0.99, 0.856]
Epoch 55: train_loss=1.651, train_acc=[0.32, 0.163, 1.0, 0.1, 0.144, 0.211, 0.989, 0.89], valid_loss=1.653, valid_acc=[0.323, 0.169, 1.0, 0.083, 0.111, 0.22, 0.994, 0.859]
Epoch 56: train_loss=1.634, train_acc=[0.346, 0.154, 1.0, 0.091, 0.136, 0.212, 0.99, 0.892], valid_loss=1.643, valid_acc=[0.355, 0.166, 1.0, 0.081, 0.125, 0.209, 0.989, 0.851]
Epoch 57: train_loss=1.608, train_acc=[0.38, 0.169, 1.0, 0.087, 0.145, 0.222, 0.989, 0.89], valid_loss=1.616, valid_acc=[0.387, 0.163, 1.0, 0.081, 0.115, 0.207, 0.99, 0.85]
Epoch 58: train_loss=1.603, train_acc=[0.397, 0.154, 1.0, 0.085, 0.134, 0.213, 0.987, 0.887], valid_loss=1.583, valid_acc=[0.449, 0.165, 1.0, 0.081, 0.12, 0.215, 0.979, 0.86]
Epoch 59: train_loss=1.558, train_acc=[0.447, 0.167, 1.0, 0.093, 0.139, 0.221, 0.99, 0.892], valid_loss=1.561, valid_acc=[0.465, 0.17, 1.0, 0.079, 0.117, 0.217, 0.991, 0.862]
Epoch 60: train_loss=1.539, train_acc=[0.481, 0.161, 1.0, 0.09, 0.134, 0.221, 0.991, 0.893], valid_loss=1.536, valid_acc=[0.485, 0.166, 1.0, 0.088, 0.125, 0.209, 0.989, 0.858]
Epoch 61: train_loss=1.527, train_acc=[0.5, 0.172, 1.0, 0.089, 0.14, 0.212, 0.99, 0.891], valid_loss=1.514, valid_acc=[0.539, 0.166, 1.0, 0.084, 0.122, 0.214, 0.986, 0.848]
Epoch 62: train_loss=1.506, train_acc=[0.528, 0.166, 1.0, 0.094, 0.136, 0.216, 0.988, 0.89], valid_loss=1.493, valid_acc=[0.549, 0.167, 1.0, 0.091, 0.11, 0.214, 0.989, 0.858]
Epoch 63: train_loss=1.47, train_acc=[0.561, 0.172, 1.0, 0.1, 0.14, 0.221, 0.989, 0.898], valid_loss=1.487, valid_acc=[0.565, 0.162, 1.0, 0.078, 0.126, 0.218, 0.994, 0.861]
Epoch 64: train_loss=1.456, train_acc=[0.576, 0.173, 1.0, 0.108, 0.153, 0.231, 0.989, 0.893], valid_loss=1.474, valid_acc=[0.566, 0.168, 1.0, 0.088, 0.123, 0.215, 0.994, 0.854]
Epoch 65: train_loss=1.449, train_acc=[0.602, 0.16, 1.0, 0.097, 0.131, 0.228, 0.99, 0.887], valid_loss=1.459, valid_acc=[0.604, 0.16, 1.0, 0.085, 0.114, 0.214, 0.989, 0.862]
Epoch 66: train_loss=1.422, train_acc=[0.622, 0.163, 1.0, 0.103, 0.148, 0.219, 0.99, 0.897], valid_loss=1.447, valid_acc=[0.609, 0.163, 1.0, 0.09, 0.121, 0.213, 0.991, 0.843]
Epoch 67: train_loss=1.417, train_acc=[0.637, 0.175, 1.0, 0.089, 0.141, 0.219, 0.991, 0.889], valid_loss=1.437, valid_acc=[0.622, 0.158, 1.0, 0.086, 0.133, 0.206, 0.99, 0.853]
Epoch 68: train_loss=1.404, train_acc=[0.644, 0.168, 1.0, 0.099, 0.133, 0.226, 0.992, 0.89], valid_loss=1.405, valid_acc=[0.67, 0.172, 1.0, 0.084, 0.118, 0.214, 0.993, 0.848]
Epoch 69: train_loss=1.394, train_acc=[0.658, 0.163, 1.0, 0.097, 0.148, 0.218, 0.99, 0.895], valid_loss=1.397, valid_acc=[0.668, 0.164, 1.0, 0.087, 0.122, 0.214, 0.991, 0.862]
Epoch 70: train_loss=1.382, train_acc=[0.664, 0.16, 1.0, 0.104, 0.14, 0.23, 0.992, 0.89], valid_loss=1.382, valid_acc=[0.658, 0.166, 1.0, 0.085, 0.128, 0.22, 0.993, 0.877]
Epoch 71: train_loss=1.376, train_acc=[0.674, 0.164, 1.0, 0.094, 0.148, 0.232, 0.991, 0.898], valid_loss=1.383, valid_acc=[0.68, 0.16, 1.0, 0.087, 0.118, 0.219, 0.995, 0.86]
Epoch 72: train_loss=1.354, train_acc=[0.69, 0.165, 1.0, 0.1, 0.144, 0.231, 0.991, 0.899], valid_loss=1.366, valid_acc=[0.682, 0.163, 1.0, 0.086, 0.122, 0.216, 0.99, 0.876]
Epoch 73: train_loss=1.359, train_acc=[0.691, 0.168, 1.0, 0.094, 0.155, 0.229, 0.992, 0.896], valid_loss=1.356, valid_acc=[0.711, 0.165, 1.0, 0.096, 0.127, 0.226, 0.99, 0.853]
Epoch 74: train_loss=1.335, train_acc=[0.71, 0.179, 1.0, 0.103, 0.142, 0.222, 0.993, 0.902], valid_loss=1.343, valid_acc=[0.722, 0.17, 1.0, 0.091, 0.122, 0.231, 0.992, 0.854]
Epoch 75: train_loss=1.334, train_acc=[0.71, 0.169, 1.0, 0.098, 0.137, 0.228, 0.993, 0.901], valid_loss=1.33, valid_acc=[0.73, 0.166, 1.0, 0.086, 0.118, 0.222, 0.995, 0.865]
Epoch 76: train_loss=1.327, train_acc=[0.717, 0.168, 1.0, 0.094, 0.152, 0.236, 0.992, 0.896], valid_loss=1.331, valid_acc=[0.725, 0.162, 1.0, 0.092, 0.122, 0.225, 0.992, 0.861]
Epoch 77: train_loss=1.319, train_acc=[0.723, 0.17, 1.0, 0.108, 0.149, 0.226, 0.993, 0.896], valid_loss=1.348, valid_acc=[0.708, 0.175, 1.0, 0.088, 0.127, 0.225, 0.988, 0.861]
Epoch 78: train_loss=1.329, train_acc=[0.719, 0.164, 1.0, 0.102, 0.141, 0.226, 0.992, 0.9], valid_loss=1.324, valid_acc=[0.744, 0.166, 1.0, 0.095, 0.119, 0.217, 0.992, 0.869]
Epoch 79: train_loss=1.303, train_acc=[0.74, 0.182, 1.0, 0.101, 0.141, 0.223, 0.994, 0.896], valid_loss=1.33, valid_acc=[0.727, 0.158, 1.0, 0.088, 0.122, 0.219, 0.991, 0.859]
Epoch 80: train_loss=1.315, train_acc=[0.73, 0.167, 1.0, 0.1, 0.149, 0.225, 0.993, 0.896], valid_loss=1.306, valid_acc=[0.734, 0.172, 1.0, 0.089, 0.129, 0.224, 0.991, 0.862]
Epoch 81: train_loss=1.295, train_acc=[0.746, 0.177, 1.0, 0.114, 0.14, 0.226, 0.994, 0.896], valid_loss=1.317, valid_acc=[0.748, 0.165, 1.0, 0.1, 0.121, 0.218, 0.988, 0.866]
Epoch 82: train_loss=1.292, train_acc=[0.744, 0.178, 1.0, 0.109, 0.15, 0.232, 0.993, 0.9], valid_loss=1.301, valid_acc=[0.755, 0.167, 1.0, 0.091, 0.134, 0.221, 0.991, 0.868]
Epoch 83: train_loss=1.289, train_acc=[0.754, 0.166, 1.0, 0.1, 0.149, 0.232, 0.992, 0.897], valid_loss=1.306, valid_acc=[0.763, 0.168, 1.0, 0.094, 0.13, 0.216, 0.992, 0.861]
Epoch 84: train_loss=1.278, train_acc=[0.756, 0.174, 1.0, 0.107, 0.152, 0.233, 0.992, 0.901], valid_loss=1.29, valid_acc=[0.779, 0.17, 1.0, 0.086, 0.124, 0.228, 0.995, 0.867]
Epoch 85: train_loss=1.282, train_acc=[0.754, 0.165, 1.0, 0.103, 0.152, 0.231, 0.994, 0.9], valid_loss=1.317, valid_acc=[0.743, 0.166, 1.0, 0.094, 0.116, 0.231, 0.988, 0.851]
Epoch 86: train_loss=1.275, train_acc=[0.764, 0.175, 1.0, 0.103, 0.141, 0.237, 0.993, 0.901], valid_loss=1.289, valid_acc=[0.763, 0.174, 1.0, 0.092, 0.132, 0.223, 0.988, 0.879]
Epoch 87: train_loss=1.268, train_acc=[0.772, 0.173, 1.0, 0.102, 0.145, 0.234, 0.994, 0.906], valid_loss=1.271, valid_acc=[0.785, 0.172, 1.0, 0.097, 0.128, 0.228, 0.993, 0.874]
Epoch 88: train_loss=1.254, train_acc=[0.78, 0.181, 1.0, 0.099, 0.143, 0.231, 0.995, 0.904], valid_loss=1.28, valid_acc=[0.778, 0.18, 1.0, 0.09, 0.129, 0.233, 0.987, 0.862]
Epoch 89: train_loss=1.253, train_acc=[0.777, 0.188, 1.0, 0.109, 0.143, 0.235, 0.994, 0.904], valid_loss=1.285, valid_acc=[0.774, 0.174, 1.0, 0.091, 0.129, 0.224, 0.996, 0.851]
Epoch 90: train_loss=1.251, train_acc=[0.782, 0.175, 1.0, 0.116, 0.145, 0.237, 0.996, 0.901], valid_loss=1.27, valid_acc=[0.783, 0.174, 1.0, 0.095, 0.132, 0.235, 0.994, 0.854]
Epoch 91: train_loss=1.246, train_acc=[0.793, 0.172, 1.0, 0.105, 0.143, 0.235, 0.995, 0.906], valid_loss=1.265, valid_acc=[0.803, 0.179, 1.0, 0.099, 0.135, 0.218, 0.993, 0.859]
Epoch 92: train_loss=1.249, train_acc=[0.787, 0.19, 1.0, 0.108, 0.155, 0.238, 0.994, 0.904], valid_loss=1.305, valid_acc=[0.773, 0.169, 1.0, 0.092, 0.122, 0.222, 0.989, 0.856]
Epoch 93: train_loss=1.242, train_acc=[0.793, 0.187, 1.0, 0.106, 0.153, 0.235, 0.993, 0.901], valid_loss=1.252, valid_acc=[0.794, 0.181, 1.0, 0.094, 0.126, 0.225, 0.993, 0.876]
Epoch 94: train_loss=1.228, train_acc=[0.798, 0.182, 1.0, 0.112, 0.156, 0.24, 0.995, 0.91], valid_loss=1.241, valid_acc=[0.805, 0.185, 1.0, 0.099, 0.123, 0.236, 0.992, 0.88]
Epoch 95: train_loss=1.222, train_acc=[0.803, 0.185, 1.0, 0.127, 0.142, 0.241, 0.995, 0.903], valid_loss=1.25, valid_acc=[0.802, 0.187, 1.0, 0.093, 0.131, 0.232, 0.995, 0.873]
Epoch 96: train_loss=1.223, train_acc=[0.811, 0.186, 1.0, 0.105, 0.151, 0.234, 0.994, 0.905], valid_loss=1.253, valid_acc=[0.821, 0.179, 1.0, 0.095, 0.124, 0.234, 0.992, 0.854]
Epoch 97: train_loss=1.209, train_acc=[0.82, 0.198, 1.0, 0.115, 0.15, 0.237, 0.995, 0.908], valid_loss=1.211, valid_acc=[0.839, 0.194, 1.0, 0.096, 0.129, 0.233, 0.993, 0.873]
Epoch 98: train_loss=1.216, train_acc=[0.823, 0.192, 0.996, 0.111, 0.143, 0.242, 0.989, 0.905], valid_loss=1.236, valid_acc=[0.815, 0.193, 1.0, 0.103, 0.14, 0.234, 0.991, 0.865]
Epoch 99: train_loss=1.207, train_acc=[0.828, 0.187, 1.0, 0.113, 0.152, 0.245, 0.993, 0.905], valid_loss=1.23, valid_acc=[0.828, 0.203, 1.0, 0.101, 0.12, 0.23, 0.99, 0.861]
Epoch 100: train_loss=1.202, train_acc=[0.827, 0.208, 1.0, 0.113, 0.151, 0.238, 0.995, 0.908], valid_loss=1.236, valid_acc=[0.825, 0.199, 1.0, 0.101, 0.131, 0.222, 0.994, 0.872]
Epoch 101: train_loss=1.192, train_acc=[0.83, 0.213, 1.0, 0.115, 0.157, 0.246, 0.995, 0.903], valid_loss=1.206, valid_acc=[0.846, 0.21, 1.0, 0.095, 0.133, 0.231, 0.994, 0.874]
Epoch 102: train_loss=1.189, train_acc=[0.837, 0.223, 1.0, 0.105, 0.151, 0.234, 0.994, 0.904], valid_loss=1.192, valid_acc=[0.841, 0.227, 1.0, 0.094, 0.133, 0.236, 0.992, 0.876]
Epoch 103: train_loss=1.174, train_acc=[0.846, 0.219, 1.0, 0.121, 0.159, 0.247, 0.994, 0.902], valid_loss=1.191, valid_acc=[0.848, 0.231, 1.0, 0.102, 0.129, 0.243, 0.992, 0.869]
Epoch 104: train_loss=1.17, train_acc=[0.846, 0.227, 1.0, 0.122, 0.147, 0.243, 0.996, 0.906], valid_loss=1.206, valid_acc=[0.838, 0.223, 1.0, 0.095, 0.129, 0.232, 0.995, 0.868]
Epoch 105: train_loss=1.174, train_acc=[0.85, 0.226, 1.0, 0.109, 0.152, 0.237, 0.994, 0.905], valid_loss=1.19, valid_acc=[0.854, 0.232, 1.0, 0.098, 0.125, 0.227, 0.994, 0.862]
Epoch 106: train_loss=1.164, train_acc=[0.858, 0.224, 1.0, 0.12, 0.152, 0.246, 0.995, 0.905], valid_loss=1.186, valid_acc=[0.852, 0.233, 1.0, 0.105, 0.131, 0.234, 0.994, 0.865]
Epoch 107: train_loss=1.155, train_acc=[0.857, 0.242, 1.0, 0.108, 0.157, 0.247, 0.995, 0.906], valid_loss=1.188, valid_acc=[0.855, 0.238, 1.0, 0.099, 0.135, 0.232, 0.986, 0.865]
Epoch 108: train_loss=1.154, train_acc=[0.866, 0.23, 1.0, 0.11, 0.155, 0.24, 0.995, 0.909], valid_loss=1.169, valid_acc=[0.862, 0.243, 1.0, 0.1, 0.124, 0.23, 0.993, 0.879]
Epoch 109: train_loss=1.148, train_acc=[0.868, 0.242, 1.0, 0.112, 0.155, 0.243, 0.996, 0.905], valid_loss=1.177, valid_acc=[0.851, 0.251, 1.0, 0.099, 0.124, 0.235, 0.994, 0.866]
Epoch 110: train_loss=1.136, train_acc=[0.875, 0.245, 1.0, 0.108, 0.164, 0.245, 0.996, 0.907], valid_loss=1.168, valid_acc=[0.869, 0.248, 1.0, 0.101, 0.137, 0.235, 0.994, 0.852]
Epoch 111: train_loss=1.14, train_acc=[0.871, 0.236, 1.0, 0.118, 0.151, 0.236, 0.995, 0.913], valid_loss=1.159, valid_acc=[0.874, 0.241, 1.0, 0.096, 0.132, 0.245, 0.994, 0.872]
Epoch 112: train_loss=1.144, train_acc=[0.879, 0.236, 1.0, 0.107, 0.154, 0.235, 0.996, 0.903], valid_loss=1.16, valid_acc=[0.872, 0.252, 1.0, 0.105, 0.126, 0.225, 0.993, 0.874]
Epoch 113: train_loss=1.136, train_acc=[0.874, 0.237, 1.0, 0.11, 0.15, 0.255, 0.997, 0.912], valid_loss=1.162, valid_acc=[0.857, 0.255, 1.0, 0.101, 0.128, 0.236, 0.991, 0.874]
Epoch 114: train_loss=1.127, train_acc=[0.875, 0.263, 1.0, 0.111, 0.147, 0.255, 0.997, 0.907], valid_loss=1.141, valid_acc=[0.873, 0.265, 1.0, 0.1, 0.128, 0.242, 0.996, 0.876]
Epoch 115: train_loss=1.123, train_acc=[0.882, 0.251, 1.0, 0.112, 0.158, 0.244, 0.997, 0.911], valid_loss=1.159, valid_acc=[0.87, 0.267, 1.0, 0.1, 0.117, 0.234, 0.999, 0.866]
Epoch 116: train_loss=1.122, train_acc=[0.882, 0.248, 1.0, 0.115, 0.154, 0.251, 0.996, 0.908], valid_loss=1.133, valid_acc=[0.883, 0.267, 1.0, 0.108, 0.139, 0.243, 0.996, 0.868]
Epoch 117: train_loss=1.115, train_acc=[0.888, 0.25, 1.0, 0.114, 0.151, 0.248, 0.997, 0.913], valid_loss=1.144, valid_acc=[0.872, 0.267, 1.0, 0.101, 0.132, 0.228, 0.994, 0.881]
Epoch 118: train_loss=1.103, train_acc=[0.889, 0.264, 1.0, 0.116, 0.152, 0.256, 0.997, 0.913], valid_loss=1.121, valid_acc=[0.894, 0.271, 1.0, 0.104, 0.138, 0.238, 0.997, 0.882]
Epoch 119: train_loss=1.095, train_acc=[0.892, 0.269, 1.0, 0.133, 0.161, 0.246, 0.997, 0.908], valid_loss=1.135, valid_acc=[0.883, 0.251, 1.0, 0.103, 0.129, 0.235, 0.997, 0.87]
Epoch 120: train_loss=1.095, train_acc=[0.897, 0.259, 1.0, 0.124, 0.159, 0.25, 0.996, 0.909], valid_loss=1.134, valid_acc=[0.885, 0.28, 1.0, 0.104, 0.129, 0.233, 0.992, 0.862]
Epoch 121: train_loss=1.097, train_acc=[0.898, 0.263, 1.0, 0.116, 0.163, 0.24, 0.996, 0.912], valid_loss=1.126, valid_acc=[0.887, 0.269, 1.0, 0.109, 0.133, 0.238, 0.998, 0.865]
Epoch 122: train_loss=1.104, train_acc=[0.898, 0.259, 1.0, 0.116, 0.162, 0.244, 0.997, 0.908], valid_loss=1.13, valid_acc=[0.898, 0.263, 1.0, 0.095, 0.131, 0.233, 0.996, 0.867]
Epoch 123: train_loss=1.098, train_acc=[0.89, 0.273, 1.0, 0.123, 0.152, 0.241, 0.997, 0.907], valid_loss=1.12, valid_acc=[0.891, 0.275, 1.0, 0.102, 0.132, 0.233, 0.996, 0.867]
Epoch 124: train_loss=1.085, train_acc=[0.899, 0.276, 1.0, 0.124, 0.165, 0.259, 0.995, 0.909], valid_loss=1.121, valid_acc=[0.892, 0.269, 1.0, 0.11, 0.129, 0.231, 0.995, 0.873]
Epoch 125: train_loss=1.095, train_acc=[0.894, 0.263, 1.0, 0.117, 0.159, 0.25, 0.995, 0.911], valid_loss=1.121, valid_acc=[0.888, 0.27, 1.0, 0.104, 0.132, 0.233, 0.997, 0.876]
Epoch 126: train_loss=1.084, train_acc=[0.898, 0.273, 1.0, 0.122, 0.153, 0.25, 0.997, 0.915], valid_loss=1.122, valid_acc=[0.889, 0.275, 1.0, 0.106, 0.132, 0.24, 0.996, 0.874]
Epoch 127: train_loss=1.078, train_acc=[0.903, 0.278, 1.0, 0.126, 0.152, 0.25, 0.997, 0.908], valid_loss=1.115, valid_acc=[0.9, 0.276, 1.0, 0.103, 0.134, 0.237, 0.991, 0.873]
Epoch 128: train_loss=1.071, train_acc=[0.906, 0.273, 1.0, 0.138, 0.154, 0.252, 0.997, 0.914], valid_loss=1.093, valid_acc=[0.9, 0.297, 1.0, 0.108, 0.135, 0.243, 0.997, 0.868]
Epoch 129: train_loss=1.077, train_acc=[0.909, 0.265, 1.0, 0.124, 0.153, 0.259, 0.996, 0.91], valid_loss=1.095, valid_acc=[0.921, 0.268, 1.0, 0.099, 0.129, 0.237, 0.992, 0.873]
Epoch 130: train_loss=1.072, train_acc=[0.907, 0.278, 1.0, 0.121, 0.171, 0.251, 0.997, 0.91], valid_loss=1.094, valid_acc=[0.908, 0.284, 1.0, 0.112, 0.125, 0.236, 0.995, 0.878]
Epoch 131: train_loss=1.069, train_acc=[0.907, 0.284, 1.0, 0.124, 0.154, 0.251, 0.997, 0.91], valid_loss=1.099, valid_acc=[0.895, 0.286, 1.0, 0.111, 0.134, 0.238, 0.995, 0.878]
Epoch 132: train_loss=1.065, train_acc=[0.913, 0.28, 1.0, 0.115, 0.164, 0.253, 0.997, 0.916], valid_loss=1.102, valid_acc=[0.903, 0.28, 1.0, 0.105, 0.134, 0.229, 0.993, 0.864]
Epoch 133: train_loss=1.062, train_acc=[0.906, 0.284, 1.0, 0.132, 0.165, 0.261, 0.997, 0.914], valid_loss=1.115, valid_acc=[0.896, 0.293, 1.0, 0.11, 0.134, 0.232, 0.997, 0.859]
Epoch 134: train_loss=1.062, train_acc=[0.911, 0.279, 1.0, 0.126, 0.167, 0.257, 0.996, 0.909], valid_loss=1.087, valid_acc=[0.911, 0.281, 1.0, 0.104, 0.129, 0.239, 0.996, 0.874]
Epoch 135: train_loss=1.058, train_acc=[0.912, 0.283, 1.0, 0.131, 0.16, 0.245, 0.995, 0.917], valid_loss=1.091, valid_acc=[0.906, 0.299, 1.0, 0.105, 0.136, 0.238, 0.993, 0.876]
Epoch 136: train_loss=1.055, train_acc=[0.915, 0.285, 1.0, 0.122, 0.163, 0.249, 0.997, 0.913], valid_loss=1.085, valid_acc=[0.905, 0.296, 1.0, 0.107, 0.137, 0.242, 0.997, 0.884]
Epoch 137: train_loss=1.055, train_acc=[0.912, 0.292, 1.0, 0.128, 0.151, 0.257, 0.998, 0.911], valid_loss=1.076, valid_acc=[0.914, 0.298, 1.0, 0.11, 0.136, 0.236, 0.997, 0.879]
Epoch 138: train_loss=1.059, train_acc=[0.912, 0.284, 1.0, 0.126, 0.157, 0.259, 0.997, 0.909], valid_loss=1.073, valid_acc=[0.921, 0.295, 1.0, 0.108, 0.137, 0.244, 0.996, 0.876]
Epoch 139: train_loss=1.055, train_acc=[0.912, 0.285, 1.0, 0.126, 0.16, 0.251, 0.998, 0.915], valid_loss=1.083, valid_acc=[0.907, 0.301, 1.0, 0.109, 0.141, 0.235, 0.992, 0.872]
Epoch 140: train_loss=1.054, train_acc=[0.913, 0.29, 1.0, 0.129, 0.165, 0.247, 0.997, 0.913], valid_loss=1.073, valid_acc=[0.916, 0.293, 1.0, 0.108, 0.132, 0.246, 0.994, 0.88]
Epoch 141: train_loss=1.044, train_acc=[0.913, 0.295, 1.0, 0.128, 0.162, 0.268, 0.998, 0.914], valid_loss=1.08, valid_acc=[0.915, 0.302, 1.0, 0.108, 0.137, 0.24, 0.997, 0.868]
Epoch 142: train_loss=1.036, train_acc=[0.916, 0.29, 1.0, 0.146, 0.171, 0.254, 0.998, 0.918], valid_loss=1.081, valid_acc=[0.914, 0.296, 1.0, 0.103, 0.136, 0.229, 0.993, 0.889]
Epoch 143: train_loss=1.043, train_acc=[0.921, 0.302, 1.0, 0.13, 0.161, 0.25, 0.998, 0.908], valid_loss=1.086, valid_acc=[0.906, 0.286, 1.0, 0.107, 0.136, 0.239, 0.995, 0.88]
Epoch 144: train_loss=1.04, train_acc=[0.92, 0.287, 1.0, 0.136, 0.156, 0.258, 0.999, 0.915], valid_loss=1.068, valid_acc=[0.919, 0.313, 1.0, 0.109, 0.135, 0.241, 0.992, 0.876]
Epoch 145: train_loss=1.049, train_acc=[0.914, 0.287, 1.0, 0.133, 0.166, 0.25, 0.997, 0.911], valid_loss=1.085, valid_acc=[0.907, 0.297, 1.0, 0.112, 0.138, 0.248, 0.992, 0.887]
Epoch 146: train_loss=1.036, train_acc=[0.917, 0.3, 1.0, 0.136, 0.163, 0.251, 0.997, 0.915], valid_loss=1.058, valid_acc=[0.915, 0.313, 1.0, 0.117, 0.138, 0.243, 0.999, 0.88]
Epoch 147: train_loss=1.04, train_acc=[0.92, 0.285, 1.0, 0.14, 0.158, 0.255, 0.997, 0.914], valid_loss=1.09, valid_acc=[0.904, 0.295, 1.0, 0.108, 0.138, 0.235, 0.997, 0.868]
Epoch 148: train_loss=1.033, train_acc=[0.92, 0.296, 1.0, 0.132, 0.164, 0.262, 0.998, 0.915], valid_loss=1.081, valid_acc=[0.91, 0.298, 1.0, 0.112, 0.137, 0.234, 0.997, 0.882]
Epoch 149: train_loss=1.03, train_acc=[0.918, 0.294, 1.0, 0.133, 0.166, 0.274, 0.997, 0.913], valid_loss=1.065, valid_acc=[0.921, 0.313, 1.0, 0.115, 0.138, 0.244, 0.995, 0.869]
Epoch 150: train_loss=1.025, train_acc=[0.922, 0.302, 1.0, 0.139, 0.184, 0.262, 0.997, 0.913], valid_loss=1.07, valid_acc=[0.912, 0.293, 1.0, 0.119, 0.143, 0.238, 0.99, 0.883]
Epoch 151: train_loss=1.02, train_acc=[0.923, 0.311, 1.0, 0.135, 0.168, 0.265, 0.997, 0.917], valid_loss=1.075, valid_acc=[0.929, 0.305, 1.0, 0.111, 0.146, 0.233, 0.993, 0.853]
Epoch 152: train_loss=1.033, train_acc=[0.923, 0.303, 1.0, 0.128, 0.156, 0.256, 0.998, 0.911], valid_loss=1.066, valid_acc=[0.916, 0.308, 1.0, 0.115, 0.145, 0.234, 0.997, 0.871]
Epoch 153: train_loss=1.017, train_acc=[0.924, 0.306, 1.0, 0.147, 0.162, 0.258, 0.998, 0.914], valid_loss=1.055, valid_acc=[0.931, 0.318, 1.0, 0.118, 0.142, 0.24, 0.992, 0.876]
Epoch 154: train_loss=1.017, train_acc=[0.923, 0.305, 1.0, 0.145, 0.157, 0.263, 0.998, 0.916], valid_loss=1.074, valid_acc=[0.916, 0.325, 1.0, 0.116, 0.134, 0.24, 0.991, 0.858]
Epoch 155: train_loss=1.022, train_acc=[0.924, 0.304, 1.0, 0.129, 0.157, 0.266, 0.998, 0.919], valid_loss=1.056, valid_acc=[0.928, 0.311, 1.0, 0.122, 0.137, 0.25, 0.997, 0.871]
Epoch 156: train_loss=1.017, train_acc=[0.921, 0.306, 1.0, 0.138, 0.179, 0.267, 0.997, 0.915], valid_loss=1.057, valid_acc=[0.922, 0.314, 1.0, 0.117, 0.137, 0.241, 0.994, 0.877]
Epoch 157: train_loss=1.016, train_acc=[0.927, 0.305, 1.0, 0.143, 0.155, 0.261, 0.997, 0.917], valid_loss=1.06, valid_acc=[0.912, 0.308, 1.0, 0.123, 0.133, 0.247, 0.994, 0.869]
Epoch 158: train_loss=1.011, train_acc=[0.927, 0.306, 1.0, 0.148, 0.162, 0.259, 0.998, 0.916], valid_loss=1.057, valid_acc=[0.923, 0.31, 1.0, 0.119, 0.143, 0.245, 0.996, 0.878]
Epoch 159: train_loss=1.018, train_acc=[0.926, 0.313, 1.0, 0.128, 0.161, 0.264, 0.997, 0.917], valid_loss=1.047, valid_acc=[0.926, 0.312, 1.0, 0.118, 0.136, 0.245, 0.994, 0.885]
Epoch 160: train_loss=1.005, train_acc=[0.932, 0.309, 1.0, 0.143, 0.164, 0.273, 0.998, 0.916], valid_loss=1.045, valid_acc=[0.925, 0.318, 1.0, 0.117, 0.141, 0.238, 0.996, 0.883]
Epoch 161: train_loss=1.005, train_acc=[0.93, 0.316, 1.0, 0.136, 0.165, 0.266, 0.998, 0.92], valid_loss=1.037, valid_acc=[0.927, 0.324, 1.0, 0.116, 0.134, 0.232, 0.996, 0.889]
Epoch 162: train_loss=1.007, train_acc=[0.929, 0.306, 1.0, 0.141, 0.173, 0.264, 0.998, 0.921], valid_loss=1.035, valid_acc=[0.926, 0.321, 1.0, 0.117, 0.136, 0.249, 0.997, 0.886]
Epoch 163: train_loss=0.997, train_acc=[0.933, 0.314, 1.0, 0.154, 0.173, 0.258, 0.998, 0.916], valid_loss=1.045, valid_acc=[0.932, 0.326, 1.0, 0.117, 0.147, 0.241, 0.998, 0.863]
Epoch 164: train_loss=1.007, train_acc=[0.929, 0.315, 1.0, 0.135, 0.172, 0.268, 0.999, 0.913], valid_loss=1.052, valid_acc=[0.905, 0.32, 1.0, 0.119, 0.132, 0.237, 0.994, 0.884]
Epoch 165: train_loss=0.997, train_acc=[0.928, 0.318, 1.0, 0.146, 0.173, 0.264, 0.998, 0.919], valid_loss=1.032, valid_acc=[0.93, 0.317, 1.0, 0.118, 0.14, 0.244, 0.996, 0.885]
Epoch 166: train_loss=1.0, train_acc=[0.929, 0.313, 1.0, 0.145, 0.17, 0.259, 0.998, 0.92], valid_loss=1.046, valid_acc=[0.91, 0.317, 1.0, 0.117, 0.14, 0.244, 0.993, 0.883]
Epoch 167: train_loss=0.997, train_acc=[0.936, 0.312, 1.0, 0.134, 0.167, 0.268, 0.998, 0.92], valid_loss=1.035, valid_acc=[0.932, 0.336, 1.0, 0.128, 0.139, 0.247, 0.997, 0.867]
Epoch 168: train_loss=0.988, train_acc=[0.928, 0.331, 1.0, 0.146, 0.171, 0.271, 0.998, 0.92], valid_loss=1.038, valid_acc=[0.928, 0.336, 1.0, 0.123, 0.14, 0.245, 0.996, 0.867]
Epoch 169: train_loss=0.993, train_acc=[0.935, 0.323, 1.0, 0.138, 0.168, 0.262, 0.997, 0.921], valid_loss=1.03, valid_acc=[0.929, 0.33, 1.0, 0.127, 0.137, 0.26, 0.996, 0.866]
Epoch 170: train_loss=0.994, train_acc=[0.936, 0.33, 1.0, 0.136, 0.17, 0.257, 0.998, 0.919], valid_loss=1.025, valid_acc=[0.924, 0.337, 1.0, 0.126, 0.135, 0.245, 0.994, 0.883]
Epoch 171: train_loss=0.987, train_acc=[0.935, 0.32, 1.0, 0.145, 0.171, 0.272, 0.997, 0.92], valid_loss=1.046, valid_acc=[0.92, 0.322, 1.0, 0.127, 0.146, 0.243, 0.988, 0.868]
Epoch 172: train_loss=0.992, train_acc=[0.933, 0.33, 1.0, 0.14, 0.174, 0.266, 0.997, 0.912], valid_loss=1.051, valid_acc=[0.91, 0.329, 1.0, 0.121, 0.134, 0.252, 0.99, 0.87]
Epoch 173: train_loss=0.987, train_acc=[0.934, 0.338, 1.0, 0.143, 0.166, 0.261, 0.998, 0.918], valid_loss=1.023, valid_acc=[0.927, 0.339, 1.0, 0.131, 0.149, 0.247, 0.996, 0.873]
Epoch 174: train_loss=0.996, train_acc=[0.926, 0.321, 1.0, 0.145, 0.174, 0.268, 0.998, 0.916], valid_loss=1.037, valid_acc=[0.92, 0.318, 1.0, 0.124, 0.152, 0.238, 0.991, 0.877]
Epoch 175: train_loss=0.985, train_acc=[0.933, 0.329, 1.0, 0.147, 0.179, 0.274, 0.997, 0.916], valid_loss=1.038, valid_acc=[0.92, 0.329, 1.0, 0.13, 0.135, 0.251, 0.996, 0.874]
Epoch 176: train_loss=0.978, train_acc=[0.935, 0.338, 1.0, 0.153, 0.164, 0.261, 0.998, 0.92], valid_loss=1.027, valid_acc=[0.925, 0.338, 1.0, 0.135, 0.138, 0.256, 0.996, 0.873]
Epoch 177: train_loss=0.984, train_acc=[0.933, 0.325, 1.0, 0.156, 0.164, 0.262, 0.998, 0.921], valid_loss=1.015, valid_acc=[0.928, 0.339, 1.0, 0.126, 0.147, 0.244, 0.995, 0.887]
Epoch 178: train_loss=0.984, train_acc=[0.937, 0.326, 1.0, 0.153, 0.173, 0.266, 0.998, 0.916], valid_loss=1.028, valid_acc=[0.918, 0.337, 1.0, 0.123, 0.14, 0.25, 0.998, 0.878]
Epoch 179: train_loss=0.973, train_acc=[0.935, 0.345, 1.0, 0.153, 0.179, 0.27, 0.998, 0.918], valid_loss=1.025, valid_acc=[0.922, 0.339, 1.0, 0.129, 0.148, 0.24, 0.988, 0.881]
Epoch 180: train_loss=0.983, train_acc=[0.931, 0.333, 1.0, 0.149, 0.178, 0.265, 0.998, 0.918], valid_loss=1.017, valid_acc=[0.929, 0.326, 1.0, 0.134, 0.136, 0.247, 0.997, 0.882]
Epoch 181: train_loss=0.981, train_acc=[0.932, 0.337, 1.0, 0.143, 0.176, 0.266, 0.997, 0.919], valid_loss=1.017, valid_acc=[0.941, 0.333, 1.0, 0.129, 0.148, 0.247, 0.997, 0.869]
Epoch 182: train_loss=0.972, train_acc=[0.938, 0.335, 1.0, 0.153, 0.169, 0.273, 0.997, 0.918], valid_loss=1.032, valid_acc=[0.931, 0.33, 1.0, 0.119, 0.142, 0.239, 0.995, 0.872]
Epoch 183: train_loss=0.975, train_acc=[0.938, 0.334, 1.0, 0.145, 0.185, 0.269, 0.998, 0.92], valid_loss=1.02, valid_acc=[0.932, 0.322, 1.0, 0.126, 0.149, 0.24, 0.994, 0.872]
Epoch 184: train_loss=0.974, train_acc=[0.936, 0.335, 1.0, 0.153, 0.178, 0.266, 0.998, 0.917], valid_loss=1.032, valid_acc=[0.92, 0.334, 1.0, 0.127, 0.143, 0.24, 0.995, 0.879]
Epoch 185: train_loss=0.969, train_acc=[0.938, 0.337, 1.0, 0.148, 0.18, 0.266, 0.997, 0.92], valid_loss=1.016, valid_acc=[0.933, 0.339, 1.0, 0.132, 0.142, 0.254, 0.995, 0.881]
Epoch 186: train_loss=0.968, train_acc=[0.932, 0.344, 1.0, 0.155, 0.179, 0.275, 0.998, 0.922], valid_loss=1.006, valid_acc=[0.934, 0.351, 1.0, 0.129, 0.134, 0.251, 0.997, 0.882]
Epoch 187: train_loss=0.962, train_acc=[0.94, 0.354, 1.0, 0.15, 0.171, 0.283, 0.998, 0.917], valid_loss=1.027, valid_acc=[0.932, 0.345, 1.0, 0.125, 0.142, 0.245, 0.993, 0.869]
Epoch 188: train_loss=0.968, train_acc=[0.938, 0.336, 1.0, 0.154, 0.171, 0.276, 0.998, 0.917], valid_loss=1.0, valid_acc=[0.941, 0.351, 1.0, 0.131, 0.144, 0.257, 0.993, 0.881]
Epoch 189: train_loss=0.958, train_acc=[0.943, 0.348, 1.0, 0.156, 0.174, 0.269, 0.998, 0.921], valid_loss=1.017, valid_acc=[0.925, 0.342, 1.0, 0.13, 0.144, 0.252, 0.996, 0.887]
Epoch 190: train_loss=0.962, train_acc=[0.936, 0.341, 1.0, 0.157, 0.178, 0.268, 0.998, 0.922], valid_loss=1.008, valid_acc=[0.926, 0.343, 1.0, 0.127, 0.141, 0.25, 0.995, 0.891]
Epoch 191: train_loss=0.967, train_acc=[0.935, 0.347, 1.0, 0.157, 0.171, 0.265, 0.998, 0.916], valid_loss=0.998, valid_acc=[0.933, 0.359, 1.0, 0.135, 0.145, 0.252, 0.996, 0.884]
Epoch 192: train_loss=0.958, train_acc=[0.943, 0.343, 1.0, 0.157, 0.175, 0.272, 0.998, 0.923], valid_loss=0.993, valid_acc=[0.939, 0.358, 1.0, 0.129, 0.144, 0.246, 0.998, 0.879]
Epoch 193: train_loss=0.954, train_acc=[0.945, 0.342, 1.0, 0.162, 0.174, 0.274, 0.998, 0.925], valid_loss=1.003, valid_acc=[0.943, 0.345, 1.0, 0.135, 0.145, 0.244, 0.993, 0.868]
Epoch 194: train_loss=0.959, train_acc=[0.941, 0.347, 1.0, 0.153, 0.172, 0.271, 0.999, 0.923], valid_loss=1.002, valid_acc=[0.932, 0.353, 1.0, 0.126, 0.143, 0.249, 0.995, 0.888]
Epoch 195: train_loss=0.966, train_acc=[0.938, 0.341, 1.0, 0.148, 0.181, 0.262, 0.998, 0.923], valid_loss=1.018, valid_acc=[0.926, 0.35, 1.0, 0.131, 0.141, 0.25, 0.994, 0.871]
Epoch 196: train_loss=0.957, train_acc=[0.94, 0.351, 1.0, 0.16, 0.175, 0.264, 0.999, 0.922], valid_loss=1.019, valid_acc=[0.918, 0.368, 1.0, 0.13, 0.136, 0.249, 0.996, 0.88]
Epoch 197: train_loss=0.956, train_acc=[0.943, 0.351, 1.0, 0.15, 0.178, 0.276, 0.999, 0.922], valid_loss=1.007, valid_acc=[0.933, 0.353, 1.0, 0.135, 0.142, 0.25, 0.995, 0.873]
Epoch 198: train_loss=0.95, train_acc=[0.943, 0.351, 1.0, 0.152, 0.181, 0.279, 0.997, 0.923], valid_loss=1.003, valid_acc=[0.925, 0.36, 1.0, 0.136, 0.143, 0.246, 0.991, 0.878]
Epoch 199: train_loss=0.953, train_acc=[0.944, 0.349, 1.0, 0.158, 0.174, 0.273, 0.998, 0.92], valid_loss=1.01, valid_acc=[0.933, 0.343, 1.0, 0.138, 0.139, 0.253, 0.994, 0.877]
Epoch 200: train_loss=0.943, train_acc=[0.946, 0.36, 1.0, 0.163, 0.175, 0.271, 0.998, 0.922], valid_loss=1.008, valid_acc=[0.929, 0.357, 1.0, 0.138, 0.146, 0.239, 0.99, 0.876]
Epoch 201: train_loss=0.945, train_acc=[0.943, 0.362, 1.0, 0.161, 0.174, 0.278, 0.999, 0.922], valid_loss=0.997, valid_acc=[0.938, 0.347, 1.0, 0.135, 0.142, 0.25, 0.997, 0.881]
Epoch 202: train_loss=0.937, train_acc=[0.948, 0.357, 1.0, 0.159, 0.185, 0.276, 0.998, 0.928], valid_loss=0.997, valid_acc=[0.927, 0.358, 1.0, 0.134, 0.151, 0.248, 0.994, 0.888]
Epoch 203: train_loss=0.941, train_acc=[0.941, 0.352, 1.0, 0.159, 0.173, 0.272, 0.999, 0.932], valid_loss=1.019, valid_acc=[0.928, 0.344, 1.0, 0.136, 0.14, 0.251, 0.994, 0.876]
Epoch 204: train_loss=0.943, train_acc=[0.942, 0.36, 1.0, 0.164, 0.167, 0.274, 0.998, 0.923], valid_loss=1.005, valid_acc=[0.936, 0.34, 1.0, 0.136, 0.141, 0.245, 0.995, 0.89]
Epoch 205: train_loss=0.945, train_acc=[0.942, 0.353, 1.0, 0.166, 0.176, 0.271, 0.997, 0.926], valid_loss=1.005, valid_acc=[0.935, 0.355, 1.0, 0.128, 0.148, 0.247, 0.991, 0.878]
Epoch 206: train_loss=0.939, train_acc=[0.949, 0.366, 1.0, 0.164, 0.172, 0.27, 0.998, 0.919], valid_loss=1.002, valid_acc=[0.933, 0.36, 1.0, 0.137, 0.141, 0.249, 0.996, 0.876]
Epoch 207: train_loss=0.938, train_acc=[0.946, 0.367, 1.0, 0.158, 0.172, 0.274, 0.998, 0.926], valid_loss=1.0, valid_acc=[0.937, 0.359, 1.0, 0.133, 0.141, 0.247, 0.997, 0.879]
Epoch 208: train_loss=0.939, train_acc=[0.941, 0.359, 1.0, 0.168, 0.177, 0.274, 0.999, 0.921], valid_loss=0.998, valid_acc=[0.942, 0.363, 1.0, 0.137, 0.14, 0.247, 0.997, 0.871]
Epoch 209: train_loss=0.936, train_acc=[0.944, 0.361, 1.0, 0.171, 0.187, 0.28, 0.999, 0.92], valid_loss=0.98, valid_acc=[0.944, 0.366, 1.0, 0.139, 0.146, 0.256, 0.995, 0.88]
Epoch 210: train_loss=0.937, train_acc=[0.944, 0.36, 1.0, 0.166, 0.185, 0.281, 0.998, 0.922], valid_loss=0.979, valid_acc=[0.949, 0.35, 1.0, 0.138, 0.156, 0.253, 0.998, 0.888]
Epoch 211: train_loss=0.933, train_acc=[0.948, 0.361, 1.0, 0.163, 0.182, 0.276, 0.999, 0.925], valid_loss=0.987, valid_acc=[0.945, 0.36, 1.0, 0.14, 0.138, 0.256, 0.992, 0.879]
Epoch 212: train_loss=0.94, train_acc=[0.947, 0.359, 1.0, 0.158, 0.177, 0.276, 0.998, 0.919], valid_loss=0.995, valid_acc=[0.935, 0.369, 1.0, 0.141, 0.146, 0.255, 0.995, 0.874]
Epoch 213: train_loss=0.938, train_acc=[0.951, 0.349, 1.0, 0.161, 0.172, 0.281, 0.998, 0.922], valid_loss=0.99, valid_acc=[0.93, 0.368, 1.0, 0.141, 0.143, 0.249, 0.998, 0.887]
Epoch 214: train_loss=0.94, train_acc=[0.946, 0.357, 1.0, 0.157, 0.183, 0.279, 0.999, 0.926], valid_loss=0.989, valid_acc=[0.941, 0.372, 1.0, 0.132, 0.15, 0.246, 0.997, 0.871]
Epoch 215: train_loss=0.93, train_acc=[0.949, 0.363, 1.0, 0.171, 0.178, 0.274, 0.998, 0.923], valid_loss=0.98, valid_acc=[0.942, 0.359, 1.0, 0.14, 0.146, 0.26, 0.995, 0.885]
Epoch 216: train_loss=0.931, train_acc=[0.946, 0.369, 1.0, 0.165, 0.189, 0.274, 0.998, 0.923], valid_loss=1.001, valid_acc=[0.937, 0.361, 1.0, 0.139, 0.15, 0.242, 0.994, 0.87]
Epoch 217: train_loss=0.937, train_acc=[0.946, 0.361, 1.0, 0.16, 0.178, 0.277, 0.998, 0.923], valid_loss=0.995, valid_acc=[0.933, 0.366, 1.0, 0.143, 0.144, 0.25, 0.997, 0.876]
Epoch 218: train_loss=0.928, train_acc=[0.953, 0.366, 1.0, 0.159, 0.188, 0.272, 0.998, 0.929], valid_loss=0.986, valid_acc=[0.933, 0.368, 1.0, 0.135, 0.145, 0.263, 0.994, 0.893]
Epoch 219: train_loss=0.917, train_acc=[0.953, 0.377, 1.0, 0.167, 0.195, 0.283, 0.999, 0.928], valid_loss=0.973, valid_acc=[0.949, 0.379, 1.0, 0.138, 0.148, 0.247, 0.998, 0.891]
Epoch 220: train_loss=0.921, train_acc=[0.954, 0.374, 1.0, 0.17, 0.186, 0.276, 0.999, 0.92], valid_loss=0.987, valid_acc=[0.93, 0.376, 1.0, 0.142, 0.149, 0.265, 0.998, 0.872]
Epoch 221: train_loss=0.925, train_acc=[0.949, 0.375, 1.0, 0.164, 0.179, 0.279, 0.999, 0.924], valid_loss=0.992, valid_acc=[0.93, 0.367, 1.0, 0.15, 0.156, 0.257, 0.997, 0.873]
Epoch 222: train_loss=0.92, train_acc=[0.954, 0.365, 1.0, 0.175, 0.181, 0.281, 0.998, 0.923], valid_loss=0.987, valid_acc=[0.939, 0.364, 1.0, 0.142, 0.158, 0.264, 0.993, 0.867]
Epoch 223: train_loss=0.919, train_acc=[0.954, 0.366, 1.0, 0.167, 0.187, 0.287, 0.998, 0.924], valid_loss=0.984, valid_acc=[0.942, 0.358, 1.0, 0.142, 0.152, 0.253, 0.999, 0.878]
Epoch 224: train_loss=0.917, train_acc=[0.951, 0.371, 1.0, 0.177, 0.19, 0.277, 0.999, 0.925], valid_loss=0.982, valid_acc=[0.945, 0.363, 1.0, 0.149, 0.148, 0.261, 0.995, 0.87]
Epoch 225: train_loss=0.921, train_acc=[0.949, 0.366, 1.0, 0.172, 0.174, 0.281, 0.998, 0.927], valid_loss=0.986, valid_acc=[0.941, 0.359, 1.0, 0.136, 0.149, 0.255, 0.998, 0.871]
Epoch 226: train_loss=0.909, train_acc=[0.955, 0.386, 1.0, 0.175, 0.187, 0.285, 0.998, 0.924], valid_loss=0.978, valid_acc=[0.95, 0.365, 1.0, 0.144, 0.149, 0.256, 0.998, 0.869]
Epoch 227: train_loss=0.916, train_acc=[0.95, 0.368, 1.0, 0.176, 0.186, 0.283, 0.999, 0.928], valid_loss=0.969, valid_acc=[0.946, 0.371, 1.0, 0.139, 0.152, 0.255, 0.996, 0.886]
Epoch 228: train_loss=0.918, train_acc=[0.952, 0.376, 1.0, 0.168, 0.182, 0.281, 0.998, 0.925], valid_loss=0.987, valid_acc=[0.941, 0.375, 1.0, 0.138, 0.141, 0.252, 0.997, 0.877]
Epoch 229: train_loss=0.926, train_acc=[0.952, 0.365, 1.0, 0.163, 0.186, 0.281, 0.999, 0.924], valid_loss=0.983, valid_acc=[0.94, 0.362, 1.0, 0.142, 0.154, 0.249, 0.992, 0.885]
Epoch 230: train_loss=0.917, train_acc=[0.95, 0.377, 1.0, 0.17, 0.196, 0.282, 0.998, 0.925], valid_loss=0.979, valid_acc=[0.935, 0.381, 1.0, 0.142, 0.151, 0.252, 0.995, 0.88]
Epoch 231: train_loss=0.915, train_acc=[0.952, 0.375, 1.0, 0.171, 0.181, 0.282, 0.999, 0.925], valid_loss=0.98, valid_acc=[0.95, 0.361, 1.0, 0.143, 0.145, 0.265, 0.996, 0.865]
Epoch 232: train_loss=0.915, train_acc=[0.955, 0.374, 1.0, 0.167, 0.18, 0.278, 0.999, 0.928], valid_loss=0.981, valid_acc=[0.946, 0.37, 1.0, 0.142, 0.154, 0.25, 0.997, 0.875]
Epoch 233: train_loss=0.914, train_acc=[0.948, 0.379, 1.0, 0.164, 0.18, 0.291, 0.999, 0.928], valid_loss=0.99, valid_acc=[0.938, 0.361, 1.0, 0.138, 0.156, 0.256, 0.996, 0.877]
Epoch 234: train_loss=0.917, train_acc=[0.953, 0.375, 1.0, 0.168, 0.178, 0.283, 0.999, 0.925], valid_loss=0.98, valid_acc=[0.947, 0.373, 1.0, 0.141, 0.15, 0.244, 0.994, 0.877]
Epoch 235: train_loss=0.907, train_acc=[0.955, 0.391, 1.0, 0.174, 0.188, 0.277, 0.998, 0.925], valid_loss=0.979, valid_acc=[0.948, 0.368, 1.0, 0.147, 0.158, 0.253, 0.995, 0.872]
Epoch 236: train_loss=0.903, train_acc=[0.955, 0.39, 1.0, 0.172, 0.187, 0.287, 0.999, 0.927], valid_loss=0.967, valid_acc=[0.957, 0.372, 1.0, 0.14, 0.156, 0.254, 0.996, 0.877]
Epoch 237: train_loss=0.911, train_acc=[0.956, 0.378, 1.0, 0.174, 0.187, 0.277, 0.998, 0.926], valid_loss=0.99, valid_acc=[0.93, 0.363, 1.0, 0.145, 0.152, 0.253, 0.996, 0.876]
Epoch 238: train_loss=0.911, train_acc=[0.947, 0.38, 1.0, 0.175, 0.188, 0.287, 0.999, 0.926], valid_loss=0.968, valid_acc=[0.951, 0.37, 1.0, 0.147, 0.154, 0.244, 0.995, 0.882]
Epoch 239: train_loss=0.905, train_acc=[0.954, 0.388, 1.0, 0.177, 0.184, 0.274, 0.999, 0.928], valid_loss=0.986, valid_acc=[0.943, 0.359, 1.0, 0.147, 0.148, 0.251, 0.995, 0.875]
Epoch 240: train_loss=0.905, train_acc=[0.954, 0.393, 1.0, 0.174, 0.189, 0.276, 0.999, 0.927], valid_loss=0.962, valid_acc=[0.945, 0.373, 1.0, 0.146, 0.154, 0.271, 0.995, 0.879]
Epoch 241: train_loss=0.905, train_acc=[0.954, 0.38, 1.0, 0.177, 0.182, 0.286, 0.999, 0.928], valid_loss=0.966, valid_acc=[0.954, 0.373, 1.0, 0.151, 0.156, 0.25, 0.998, 0.876]
Epoch 242: train_loss=0.902, train_acc=[0.954, 0.384, 1.0, 0.175, 0.181, 0.293, 0.998, 0.922], valid_loss=0.973, valid_acc=[0.951, 0.359, 1.0, 0.147, 0.146, 0.256, 0.996, 0.875]
Epoch 243: train_loss=0.906, train_acc=[0.955, 0.38, 1.0, 0.176, 0.194, 0.28, 0.998, 0.927], valid_loss=0.968, valid_acc=[0.946, 0.373, 1.0, 0.155, 0.149, 0.257, 0.995, 0.871]
Epoch 244: train_loss=0.899, train_acc=[0.959, 0.381, 1.0, 0.188, 0.184, 0.289, 0.999, 0.922], valid_loss=0.973, valid_acc=[0.946, 0.367, 1.0, 0.146, 0.145, 0.248, 0.993, 0.887]
Epoch 245: train_loss=0.9, train_acc=[0.959, 0.395, 1.0, 0.175, 0.179, 0.279, 0.999, 0.926], valid_loss=0.975, valid_acc=[0.943, 0.374, 1.0, 0.141, 0.157, 0.249, 0.995, 0.883]
Epoch 246: train_loss=0.903, train_acc=[0.954, 0.385, 1.0, 0.18, 0.182, 0.28, 0.999, 0.928], valid_loss=0.975, valid_acc=[0.942, 0.357, 1.0, 0.147, 0.158, 0.259, 0.998, 0.881]
Epoch 247: train_loss=0.905, train_acc=[0.956, 0.375, 1.0, 0.177, 0.19, 0.287, 0.998, 0.927], valid_loss=0.977, valid_acc=[0.947, 0.374, 1.0, 0.143, 0.149, 0.245, 0.994, 0.89]
Epoch 248: train_loss=0.901, train_acc=[0.956, 0.39, 1.0, 0.174, 0.192, 0.285, 0.999, 0.925], valid_loss=0.962, valid_acc=[0.954, 0.382, 1.0, 0.157, 0.155, 0.26, 0.996, 0.878]
Epoch 249: train_loss=0.895, train_acc=[0.957, 0.386, 1.0, 0.181, 0.18, 0.288, 0.999, 0.931], valid_loss=0.968, valid_acc=[0.947, 0.375, 1.0, 0.151, 0.157, 0.25, 0.997, 0.878]
Epoch 250: train_loss=0.893, train_acc=[0.962, 0.388, 1.0, 0.177, 0.185, 0.286, 0.998, 0.928], valid_loss=0.973, valid_acc=[0.945, 0.361, 1.0, 0.147, 0.149, 0.245, 0.994, 0.889]
Epoch 251: train_loss=0.897, train_acc=[0.957, 0.391, 1.0, 0.182, 0.19, 0.279, 0.998, 0.926], valid_loss=1.0, valid_acc=[0.948, 0.374, 1.0, 0.145, 0.146, 0.249, 0.998, 0.851]
Epoch 252: train_loss=0.89, train_acc=[0.955, 0.391, 1.0, 0.182, 0.195, 0.296, 0.999, 0.93], valid_loss=0.96, valid_acc=[0.958, 0.36, 1.0, 0.156, 0.154, 0.255, 0.998, 0.879]
Epoch 253: train_loss=0.899, train_acc=[0.956, 0.382, 1.0, 0.179, 0.185, 0.287, 0.999, 0.928], valid_loss=0.993, valid_acc=[0.943, 0.37, 1.0, 0.155, 0.153, 0.26, 0.995, 0.86]
Epoch 254: train_loss=0.889, train_acc=[0.96, 0.385, 1.0, 0.185, 0.198, 0.285, 0.998, 0.933], valid_loss=0.979, valid_acc=[0.943, 0.386, 1.0, 0.151, 0.153, 0.257, 0.996, 0.867]
Epoch 255: train_loss=0.892, train_acc=[0.957, 0.399, 1.0, 0.181, 0.184, 0.287, 0.999, 0.925], valid_loss=0.963, valid_acc=[0.947, 0.374, 1.0, 0.146, 0.158, 0.261, 0.995, 0.874]
Epoch 256: train_loss=0.892, train_acc=[0.96, 0.394, 1.0, 0.175, 0.182, 0.285, 0.999, 0.929], valid_loss=0.973, valid_acc=[0.944, 0.374, 1.0, 0.147, 0.15, 0.256, 0.996, 0.878]
Epoch 257: train_loss=0.89, train_acc=[0.961, 0.391, 1.0, 0.177, 0.193, 0.286, 0.999, 0.93], valid_loss=0.958, valid_acc=[0.949, 0.381, 1.0, 0.147, 0.156, 0.26, 0.994, 0.879]
Epoch 258: train_loss=0.883, train_acc=[0.965, 0.4, 1.0, 0.181, 0.19, 0.286, 0.999, 0.931], valid_loss=0.964, valid_acc=[0.95, 0.379, 1.0, 0.147, 0.153, 0.245, 0.998, 0.881]
Epoch 259: train_loss=0.88, train_acc=[0.966, 0.392, 1.0, 0.188, 0.184, 0.291, 0.999, 0.931], valid_loss=0.979, valid_acc=[0.944, 0.38, 1.0, 0.15, 0.153, 0.255, 0.999, 0.859]
Epoch 260: train_loss=0.876, train_acc=[0.964, 0.403, 1.0, 0.189, 0.192, 0.294, 0.998, 0.93], valid_loss=0.963, valid_acc=[0.946, 0.376, 1.0, 0.156, 0.146, 0.257, 0.996, 0.876]
Epoch 261: train_loss=0.884, train_acc=[0.959, 0.401, 1.0, 0.182, 0.191, 0.288, 0.999, 0.932], valid_loss=0.968, valid_acc=[0.946, 0.381, 1.0, 0.148, 0.153, 0.255, 0.992, 0.882]
Epoch 262: train_loss=0.883, train_acc=[0.962, 0.391, 1.0, 0.178, 0.199, 0.291, 0.999, 0.933], valid_loss=0.969, valid_acc=[0.957, 0.377, 1.0, 0.155, 0.153, 0.259, 0.994, 0.865]
Epoch 263: train_loss=0.881, train_acc=[0.964, 0.39, 1.0, 0.185, 0.186, 0.291, 0.999, 0.935], valid_loss=0.961, valid_acc=[0.949, 0.387, 1.0, 0.156, 0.148, 0.248, 0.999, 0.883]
Epoch 264: train_loss=0.881, train_acc=[0.962, 0.396, 1.0, 0.19, 0.199, 0.285, 0.999, 0.932], valid_loss=0.959, valid_acc=[0.954, 0.389, 1.0, 0.151, 0.144, 0.259, 0.993, 0.878]
Epoch 265: train_loss=0.882, train_acc=[0.96, 0.391, 1.0, 0.184, 0.191, 0.297, 0.998, 0.932], valid_loss=0.958, valid_acc=[0.945, 0.37, 1.0, 0.153, 0.157, 0.253, 0.996, 0.882]
Epoch 266: train_loss=0.877, train_acc=[0.963, 0.401, 1.0, 0.191, 0.192, 0.287, 0.999, 0.93], valid_loss=0.958, valid_acc=[0.947, 0.38, 1.0, 0.157, 0.155, 0.249, 0.996, 0.888]
Epoch 267: train_loss=0.874, train_acc=[0.966, 0.399, 1.0, 0.193, 0.19, 0.289, 0.999, 0.93], valid_loss=0.969, valid_acc=[0.948, 0.37, 1.0, 0.145, 0.153, 0.258, 0.996, 0.877]
Epoch 268: train_loss=0.874, train_acc=[0.964, 0.399, 1.0, 0.183, 0.191, 0.302, 0.999, 0.934], valid_loss=0.96, valid_acc=[0.949, 0.39, 1.0, 0.152, 0.16, 0.25, 0.996, 0.884]
Epoch 269: train_loss=0.88, train_acc=[0.962, 0.397, 1.0, 0.187, 0.184, 0.296, 0.999, 0.931], valid_loss=0.979, valid_acc=[0.947, 0.375, 1.0, 0.154, 0.152, 0.262, 0.996, 0.858]
Epoch 270: train_loss=0.878, train_acc=[0.963, 0.402, 1.0, 0.188, 0.195, 0.288, 0.999, 0.933], valid_loss=0.963, valid_acc=[0.958, 0.377, 1.0, 0.149, 0.16, 0.255, 0.999, 0.866]
Epoch 271: train_loss=0.88, train_acc=[0.962, 0.397, 1.0, 0.185, 0.193, 0.292, 0.999, 0.931], valid_loss=0.961, valid_acc=[0.955, 0.377, 1.0, 0.149, 0.143, 0.247, 0.997, 0.881]
Epoch 272: train_loss=0.872, train_acc=[0.967, 0.404, 1.0, 0.193, 0.201, 0.289, 0.998, 0.929], valid_loss=0.958, valid_acc=[0.954, 0.378, 1.0, 0.157, 0.162, 0.252, 0.996, 0.871]
Epoch 273: train_loss=0.873, train_acc=[0.963, 0.399, 1.0, 0.19, 0.19, 0.296, 0.999, 0.935], valid_loss=0.95, valid_acc=[0.954, 0.389, 1.0, 0.156, 0.158, 0.267, 0.999, 0.889]
Epoch 274: train_loss=0.871, train_acc=[0.966, 0.408, 1.0, 0.188, 0.184, 0.294, 0.999, 0.932], valid_loss=0.973, valid_acc=[0.939, 0.383, 1.0, 0.15, 0.157, 0.264, 0.998, 0.875]
Epoch 275: train_loss=0.869, train_acc=[0.965, 0.41, 1.0, 0.184, 0.199, 0.289, 1.0, 0.933], valid_loss=0.979, valid_acc=[0.94, 0.38, 1.0, 0.16, 0.149, 0.25, 0.996, 0.867]
Epoch 276: train_loss=0.873, train_acc=[0.965, 0.408, 1.0, 0.183, 0.19, 0.297, 0.999, 0.932], valid_loss=0.963, valid_acc=[0.954, 0.39, 1.0, 0.148, 0.157, 0.248, 0.991, 0.883]
Epoch 277: train_loss=0.864, train_acc=[0.965, 0.403, 1.0, 0.192, 0.197, 0.31, 0.998, 0.932], valid_loss=0.96, valid_acc=[0.958, 0.392, 1.0, 0.159, 0.156, 0.245, 0.993, 0.874]
Epoch 278: train_loss=0.872, train_acc=[0.964, 0.415, 1.0, 0.184, 0.194, 0.294, 0.999, 0.933], valid_loss=0.954, valid_acc=[0.954, 0.369, 1.0, 0.154, 0.149, 0.254, 0.997, 0.879]
Epoch 279: train_loss=0.87, train_acc=[0.962, 0.403, 1.0, 0.2, 0.192, 0.292, 0.998, 0.934], valid_loss=0.966, valid_acc=[0.956, 0.375, 1.0, 0.158, 0.157, 0.261, 0.995, 0.871]
Epoch 280: train_loss=0.867, train_acc=[0.966, 0.401, 1.0, 0.197, 0.194, 0.292, 0.999, 0.932], valid_loss=0.959, valid_acc=[0.962, 0.374, 1.0, 0.158, 0.149, 0.256, 0.997, 0.872]
Epoch 281: train_loss=0.861, train_acc=[0.968, 0.41, 1.0, 0.191, 0.201, 0.303, 0.998, 0.935], valid_loss=0.962, valid_acc=[0.954, 0.383, 1.0, 0.154, 0.155, 0.249, 0.996, 0.872]
Epoch 282: train_loss=0.875, train_acc=[0.965, 0.408, 1.0, 0.181, 0.19, 0.292, 0.998, 0.93], valid_loss=0.965, valid_acc=[0.956, 0.37, 1.0, 0.154, 0.148, 0.254, 0.999, 0.878]
Epoch 283: train_loss=0.864, train_acc=[0.965, 0.422, 1.0, 0.187, 0.198, 0.297, 0.999, 0.93], valid_loss=0.961, valid_acc=[0.953, 0.376, 1.0, 0.154, 0.146, 0.253, 0.994, 0.878]
Epoch 284: train_loss=0.867, train_acc=[0.965, 0.405, 1.0, 0.198, 0.204, 0.285, 0.998, 0.935], valid_loss=0.967, valid_acc=[0.948, 0.392, 1.0, 0.151, 0.152, 0.259, 0.997, 0.868]
Epoch 285: train_loss=0.855, train_acc=[0.969, 0.416, 1.0, 0.195, 0.188, 0.307, 0.998, 0.931], valid_loss=0.969, valid_acc=[0.953, 0.367, 1.0, 0.158, 0.153, 0.25, 0.998, 0.875]
Epoch 286: train_loss=0.863, train_acc=[0.969, 0.414, 1.0, 0.193, 0.194, 0.291, 0.999, 0.931], valid_loss=0.947, valid_acc=[0.955, 0.389, 1.0, 0.155, 0.15, 0.258, 0.998, 0.893]
Epoch 287: train_loss=0.861, train_acc=[0.965, 0.42, 1.0, 0.189, 0.194, 0.294, 0.999, 0.935], valid_loss=0.954, valid_acc=[0.964, 0.39, 1.0, 0.158, 0.152, 0.259, 0.996, 0.862]
Epoch 288: train_loss=0.865, train_acc=[0.967, 0.414, 1.0, 0.191, 0.191, 0.288, 0.999, 0.932], valid_loss=0.966, valid_acc=[0.952, 0.378, 1.0, 0.153, 0.151, 0.254, 0.995, 0.871]
Epoch 289: train_loss=0.859, train_acc=[0.971, 0.407, 1.0, 0.196, 0.195, 0.296, 0.999, 0.936], valid_loss=0.949, valid_acc=[0.961, 0.394, 1.0, 0.158, 0.155, 0.253, 0.995, 0.872]
Epoch 290: train_loss=0.861, train_acc=[0.968, 0.413, 1.0, 0.189, 0.189, 0.295, 0.999, 0.933], valid_loss=0.978, valid_acc=[0.951, 0.374, 1.0, 0.16, 0.162, 0.255, 0.996, 0.861]
Epoch 291: train_loss=0.854, train_acc=[0.971, 0.422, 1.0, 0.197, 0.192, 0.305, 0.999, 0.931], valid_loss=0.946, valid_acc=[0.959, 0.387, 1.0, 0.161, 0.162, 0.263, 0.997, 0.876]
Epoch 292: train_loss=0.861, train_acc=[0.969, 0.417, 1.0, 0.188, 0.194, 0.295, 0.999, 0.935], valid_loss=0.953, valid_acc=[0.958, 0.382, 1.0, 0.157, 0.156, 0.261, 0.997, 0.888]
Epoch 293: train_loss=0.849, train_acc=[0.971, 0.427, 1.0, 0.191, 0.192, 0.302, 0.999, 0.938], valid_loss=0.957, valid_acc=[0.952, 0.384, 1.0, 0.159, 0.157, 0.253, 0.996, 0.884]
Epoch 294: train_loss=0.856, train_acc=[0.969, 0.421, 1.0, 0.189, 0.2, 0.295, 0.999, 0.933], valid_loss=0.961, valid_acc=[0.953, 0.389, 1.0, 0.166, 0.152, 0.24, 0.997, 0.868]
Epoch 295: train_loss=0.858, train_acc=[0.969, 0.412, 1.0, 0.197, 0.204, 0.296, 0.999, 0.933], valid_loss=0.95, valid_acc=[0.964, 0.388, 1.0, 0.16, 0.153, 0.26, 0.99, 0.876]
Epoch 296: train_loss=0.856, train_acc=[0.964, 0.415, 1.0, 0.201, 0.195, 0.292, 0.999, 0.937], valid_loss=0.956, valid_acc=[0.955, 0.387, 1.0, 0.155, 0.164, 0.252, 0.997, 0.878]
Epoch 297: train_loss=0.851, train_acc=[0.965, 0.421, 1.0, 0.204, 0.198, 0.303, 0.998, 0.934], valid_loss=0.955, valid_acc=[0.952, 0.386, 1.0, 0.155, 0.163, 0.254, 0.997, 0.878]
Epoch 298: train_loss=0.846, train_acc=[0.967, 0.434, 1.0, 0.209, 0.2, 0.29, 0.999, 0.934], valid_loss=0.953, valid_acc=[0.952, 0.376, 1.0, 0.16, 0.145, 0.261, 0.994, 0.88]
Epoch 299: train_loss=0.851, train_acc=[0.972, 0.419, 1.0, 0.193, 0.202, 0.3, 0.999, 0.934], valid_loss=0.964, valid_acc=[0.952, 0.381, 1.0, 0.155, 0.156, 0.25, 0.998, 0.875]
Epoch 300: train_loss=0.852, train_acc=[0.972, 0.419, 1.0, 0.192, 0.2, 0.297, 0.999, 0.936], valid_loss=0.937, valid_acc=[0.966, 0.389, 1.0, 0.166, 0.16, 0.255, 0.997, 0.878]
Epoch 301: train_loss=0.853, train_acc=[0.972, 0.421, 1.0, 0.19, 0.2, 0.301, 0.999, 0.935], valid_loss=0.945, valid_acc=[0.958, 0.395, 1.0, 0.158, 0.151, 0.253, 0.998, 0.886]
Epoch 302: train_loss=0.846, train_acc=[0.966, 0.428, 1.0, 0.207, 0.209, 0.299, 0.998, 0.937], valid_loss=0.967, valid_acc=[0.947, 0.38, 1.0, 0.157, 0.159, 0.257, 0.991, 0.874]
Epoch 303: train_loss=0.851, train_acc=[0.97, 0.422, 1.0, 0.207, 0.198, 0.295, 0.999, 0.934], valid_loss=0.988, valid_acc=[0.949, 0.378, 1.0, 0.158, 0.16, 0.254, 0.995, 0.864]
Epoch 304: train_loss=0.849, train_acc=[0.972, 0.427, 1.0, 0.195, 0.197, 0.295, 0.999, 0.937], valid_loss=0.961, valid_acc=[0.952, 0.375, 1.0, 0.159, 0.16, 0.255, 0.997, 0.871]
Epoch 305: train_loss=0.85, train_acc=[0.97, 0.428, 1.0, 0.198, 0.194, 0.294, 0.999, 0.933], valid_loss=0.957, valid_acc=[0.957, 0.381, 1.0, 0.159, 0.163, 0.261, 0.995, 0.872]
Epoch 306: train_loss=0.85, train_acc=[0.972, 0.42, 1.0, 0.194, 0.196, 0.299, 0.999, 0.936], valid_loss=0.968, valid_acc=[0.951, 0.369, 1.0, 0.157, 0.153, 0.263, 0.997, 0.867]
Epoch 307: train_loss=0.845, train_acc=[0.971, 0.42, 1.0, 0.202, 0.209, 0.302, 0.999, 0.935], valid_loss=0.938, valid_acc=[0.965, 0.394, 1.0, 0.163, 0.168, 0.252, 0.998, 0.884]
Epoch 308: train_loss=0.84, train_acc=[0.97, 0.427, 1.0, 0.209, 0.199, 0.303, 0.999, 0.938], valid_loss=0.952, valid_acc=[0.963, 0.388, 1.0, 0.156, 0.159, 0.257, 0.998, 0.865]
Epoch 309: train_loss=0.849, train_acc=[0.971, 0.425, 1.0, 0.194, 0.197, 0.296, 0.999, 0.933], valid_loss=0.955, valid_acc=[0.959, 0.393, 1.0, 0.16, 0.159, 0.257, 0.996, 0.877]
Epoch 310: train_loss=0.842, train_acc=[0.971, 0.423, 1.0, 0.201, 0.191, 0.312, 0.999, 0.938], valid_loss=0.958, valid_acc=[0.955, 0.388, 1.0, 0.163, 0.152, 0.252, 0.997, 0.871]
Epoch 311: train_loss=0.838, train_acc=[0.97, 0.434, 1.0, 0.201, 0.197, 0.313, 0.998, 0.938], valid_loss=0.956, valid_acc=[0.95, 0.394, 1.0, 0.158, 0.158, 0.256, 0.992, 0.875]
Epoch 312: train_loss=0.837, train_acc=[0.975, 0.426, 1.0, 0.202, 0.206, 0.304, 0.998, 0.941], valid_loss=0.946, valid_acc=[0.949, 0.393, 1.0, 0.16, 0.161, 0.262, 0.997, 0.882]
Epoch 313: train_loss=0.84, train_acc=[0.967, 0.435, 1.0, 0.208, 0.203, 0.306, 0.999, 0.936], valid_loss=0.951, valid_acc=[0.965, 0.393, 1.0, 0.164, 0.156, 0.26, 0.996, 0.867]
Epoch 314: train_loss=0.839, train_acc=[0.967, 0.427, 1.0, 0.213, 0.207, 0.301, 0.999, 0.941], valid_loss=0.93, valid_acc=[0.966, 0.389, 1.0, 0.161, 0.155, 0.266, 0.996, 0.892]
Epoch 315: train_loss=0.836, train_acc=[0.968, 0.428, 1.0, 0.216, 0.195, 0.308, 0.999, 0.938], valid_loss=0.954, valid_acc=[0.961, 0.381, 1.0, 0.16, 0.161, 0.268, 0.996, 0.884]
Epoch 316: train_loss=0.841, train_acc=[0.972, 0.421, 1.0, 0.203, 0.208, 0.302, 0.999, 0.934], valid_loss=0.946, valid_acc=[0.968, 0.392, 1.0, 0.167, 0.153, 0.258, 0.996, 0.87]
Epoch 317: train_loss=0.836, train_acc=[0.971, 0.429, 1.0, 0.212, 0.211, 0.301, 0.999, 0.937], valid_loss=0.946, valid_acc=[0.96, 0.385, 1.0, 0.158, 0.157, 0.258, 0.998, 0.877]
Epoch 318: train_loss=0.846, train_acc=[0.968, 0.426, 1.0, 0.203, 0.194, 0.305, 0.999, 0.936], valid_loss=0.953, valid_acc=[0.954, 0.396, 1.0, 0.16, 0.158, 0.265, 0.995, 0.881]
Epoch 319: train_loss=0.839, train_acc=[0.973, 0.428, 1.0, 0.204, 0.197, 0.299, 0.999, 0.941], valid_loss=0.952, valid_acc=[0.952, 0.386, 1.0, 0.162, 0.16, 0.261, 0.999, 0.875]
Epoch 320: train_loss=0.83, train_acc=[0.975, 0.431, 1.0, 0.219, 0.208, 0.3, 0.999, 0.937], valid_loss=0.954, valid_acc=[0.963, 0.395, 1.0, 0.164, 0.155, 0.249, 0.997, 0.861]
Epoch 321: train_loss=0.835, train_acc=[0.975, 0.432, 1.0, 0.197, 0.209, 0.302, 0.999, 0.937], valid_loss=0.94, valid_acc=[0.971, 0.39, 1.0, 0.158, 0.16, 0.254, 0.995, 0.879]
Epoch 322: train_loss=0.827, train_acc=[0.974, 0.442, 1.0, 0.215, 0.198, 0.3, 0.999, 0.942], valid_loss=0.963, valid_acc=[0.959, 0.396, 1.0, 0.156, 0.154, 0.258, 0.997, 0.857]
Epoch 323: train_loss=0.833, train_acc=[0.973, 0.436, 1.0, 0.209, 0.2, 0.303, 0.999, 0.937], valid_loss=0.945, valid_acc=[0.957, 0.396, 1.0, 0.16, 0.166, 0.255, 0.994, 0.882]
Epoch 324: train_loss=0.837, train_acc=[0.974, 0.424, 1.0, 0.201, 0.204, 0.302, 0.999, 0.941], valid_loss=0.953, valid_acc=[0.963, 0.396, 1.0, 0.165, 0.16, 0.251, 0.996, 0.875]
Epoch 325: train_loss=0.831, train_acc=[0.972, 0.43, 1.0, 0.21, 0.197, 0.309, 0.999, 0.94], valid_loss=0.956, valid_acc=[0.969, 0.391, 1.0, 0.156, 0.156, 0.264, 0.99, 0.877]
Epoch 326: train_loss=0.832, train_acc=[0.977, 0.427, 1.0, 0.206, 0.199, 0.307, 1.0, 0.939], valid_loss=0.941, valid_acc=[0.957, 0.406, 1.0, 0.165, 0.157, 0.258, 0.998, 0.87]
Epoch 327: train_loss=0.83, train_acc=[0.976, 0.434, 1.0, 0.215, 0.2, 0.3, 0.999, 0.937], valid_loss=0.957, valid_acc=[0.964, 0.381, 1.0, 0.164, 0.154, 0.267, 0.997, 0.869]
Epoch 328: train_loss=0.831, train_acc=[0.976, 0.44, 1.0, 0.206, 0.205, 0.301, 0.999, 0.94], valid_loss=0.949, valid_acc=[0.96, 0.385, 1.0, 0.155, 0.158, 0.259, 0.996, 0.885]
Epoch 329: train_loss=0.833, train_acc=[0.972, 0.432, 1.0, 0.211, 0.201, 0.306, 0.999, 0.939], valid_loss=0.95, valid_acc=[0.953, 0.4, 1.0, 0.159, 0.163, 0.263, 0.998, 0.872]
Epoch 330: train_loss=0.825, train_acc=[0.973, 0.439, 1.0, 0.208, 0.203, 0.312, 0.999, 0.942], valid_loss=0.939, valid_acc=[0.961, 0.39, 1.0, 0.162, 0.165, 0.264, 0.998, 0.884]
Epoch 331: train_loss=0.831, train_acc=[0.969, 0.435, 1.0, 0.216, 0.204, 0.305, 0.999, 0.94], valid_loss=0.958, valid_acc=[0.951, 0.393, 1.0, 0.156, 0.166, 0.257, 0.998, 0.881]
Epoch 332: train_loss=0.816, train_acc=[0.977, 0.444, 1.0, 0.214, 0.207, 0.317, 0.999, 0.943], valid_loss=0.959, valid_acc=[0.959, 0.392, 1.0, 0.164, 0.149, 0.257, 0.997, 0.865]
Epoch 333: train_loss=0.824, train_acc=[0.975, 0.448, 1.0, 0.211, 0.203, 0.301, 0.999, 0.941], valid_loss=0.948, valid_acc=[0.955, 0.395, 1.0, 0.159, 0.163, 0.263, 0.997, 0.881]
Epoch 334: train_loss=0.822, train_acc=[0.973, 0.438, 1.0, 0.22, 0.208, 0.305, 0.999, 0.943], valid_loss=0.967, valid_acc=[0.949, 0.395, 1.0, 0.159, 0.157, 0.257, 0.997, 0.866]
Epoch 335: train_loss=0.824, train_acc=[0.973, 0.445, 1.0, 0.213, 0.207, 0.308, 0.999, 0.939], valid_loss=0.942, valid_acc=[0.964, 0.401, 1.0, 0.161, 0.159, 0.268, 0.994, 0.878]
Epoch 336: train_loss=0.819, train_acc=[0.971, 0.441, 1.0, 0.225, 0.201, 0.313, 0.999, 0.943], valid_loss=0.958, valid_acc=[0.962, 0.386, 1.0, 0.167, 0.147, 0.259, 0.995, 0.872]
Epoch 337: train_loss=0.822, train_acc=[0.977, 0.443, 1.0, 0.213, 0.201, 0.306, 0.999, 0.942], valid_loss=0.952, valid_acc=[0.958, 0.398, 1.0, 0.164, 0.162, 0.259, 0.991, 0.867]
Epoch 338: train_loss=0.82, train_acc=[0.976, 0.444, 1.0, 0.219, 0.204, 0.305, 0.999, 0.94], valid_loss=0.957, valid_acc=[0.967, 0.383, 1.0, 0.155, 0.168, 0.256, 0.994, 0.864]
Epoch 339: train_loss=0.827, train_acc=[0.973, 0.439, 1.0, 0.213, 0.198, 0.307, 0.999, 0.939], valid_loss=0.948, valid_acc=[0.952, 0.397, 1.0, 0.17, 0.16, 0.255, 0.997, 0.875]
Epoch 340: train_loss=0.822, train_acc=[0.974, 0.44, 1.0, 0.216, 0.203, 0.302, 0.999, 0.942], valid_loss=0.946, valid_acc=[0.958, 0.401, 1.0, 0.158, 0.159, 0.257, 0.994, 0.875]
Epoch 341: train_loss=0.81, train_acc=[0.975, 0.458, 1.0, 0.226, 0.209, 0.308, 1.0, 0.942], valid_loss=0.958, valid_acc=[0.96, 0.386, 1.0, 0.17, 0.163, 0.263, 0.998, 0.858]
Epoch 342: train_loss=0.818, train_acc=[0.978, 0.45, 1.0, 0.208, 0.211, 0.31, 0.999, 0.943], valid_loss=0.942, valid_acc=[0.969, 0.392, 1.0, 0.162, 0.162, 0.257, 0.996, 0.874]
Epoch 343: train_loss=0.819, train_acc=[0.975, 0.444, 1.0, 0.212, 0.208, 0.314, 0.999, 0.944], valid_loss=0.957, valid_acc=[0.96, 0.384, 1.0, 0.164, 0.16, 0.262, 0.997, 0.864]
Epoch 344: train_loss=0.827, train_acc=[0.975, 0.447, 1.0, 0.207, 0.198, 0.301, 0.999, 0.939], valid_loss=0.933, valid_acc=[0.965, 0.404, 1.0, 0.163, 0.161, 0.258, 0.996, 0.884]
Epoch 345: train_loss=0.813, train_acc=[0.977, 0.449, 1.0, 0.218, 0.219, 0.306, 0.999, 0.942], valid_loss=0.955, valid_acc=[0.963, 0.385, 1.0, 0.166, 0.162, 0.26, 0.997, 0.866]
Epoch 346: train_loss=0.813, train_acc=[0.976, 0.457, 1.0, 0.209, 0.204, 0.313, 0.999, 0.941], valid_loss=0.949, valid_acc=[0.97, 0.382, 1.0, 0.164, 0.155, 0.262, 0.993, 0.876]
Epoch 347: train_loss=0.816, train_acc=[0.977, 0.442, 1.0, 0.223, 0.212, 0.31, 0.999, 0.942], valid_loss=0.941, valid_acc=[0.966, 0.4, 1.0, 0.159, 0.164, 0.258, 0.997, 0.872]
Epoch 348: train_loss=0.813, train_acc=[0.977, 0.446, 1.0, 0.219, 0.214, 0.314, 0.999, 0.943], valid_loss=0.942, valid_acc=[0.961, 0.391, 1.0, 0.165, 0.161, 0.255, 0.997, 0.878]
Epoch 349: train_loss=0.824, train_acc=[0.973, 0.439, 1.0, 0.212, 0.205, 0.307, 0.999, 0.941], valid_loss=0.952, valid_acc=[0.958, 0.409, 1.0, 0.162, 0.163, 0.259, 0.998, 0.867]
Epoch 350: train_loss=0.816, train_acc=[0.977, 0.446, 1.0, 0.214, 0.201, 0.306, 0.999, 0.944], valid_loss=0.945, valid_acc=[0.965, 0.4, 1.0, 0.169, 0.164, 0.261, 0.998, 0.867]
Epoch 351: train_loss=0.809, train_acc=[0.977, 0.451, 1.0, 0.215, 0.206, 0.32, 0.999, 0.945], valid_loss=0.943, valid_acc=[0.965, 0.388, 1.0, 0.175, 0.155, 0.255, 0.995, 0.876]
Epoch 352: train_loss=0.802, train_acc=[0.979, 0.448, 1.0, 0.229, 0.211, 0.319, 0.999, 0.945], valid_loss=0.946, valid_acc=[0.968, 0.387, 1.0, 0.171, 0.168, 0.259, 0.994, 0.873]
Epoch 353: train_loss=0.807, train_acc=[0.978, 0.451, 1.0, 0.227, 0.211, 0.307, 0.999, 0.944], valid_loss=0.943, valid_acc=[0.957, 0.403, 1.0, 0.164, 0.165, 0.257, 0.996, 0.88]
Epoch 354: train_loss=0.812, train_acc=[0.973, 0.453, 1.0, 0.216, 0.214, 0.312, 0.999, 0.945], valid_loss=0.969, valid_acc=[0.964, 0.378, 1.0, 0.165, 0.163, 0.261, 0.998, 0.852]
Epoch 355: train_loss=0.81, train_acc=[0.976, 0.447, 1.0, 0.226, 0.207, 0.311, 0.999, 0.942], valid_loss=0.947, valid_acc=[0.964, 0.393, 1.0, 0.163, 0.162, 0.26, 0.997, 0.869]
Epoch 356: train_loss=0.808, train_acc=[0.977, 0.451, 1.0, 0.217, 0.218, 0.312, 0.999, 0.946], valid_loss=0.946, valid_acc=[0.961, 0.398, 1.0, 0.166, 0.166, 0.253, 0.996, 0.87]
Epoch 357: train_loss=0.805, train_acc=[0.977, 0.45, 1.0, 0.225, 0.199, 0.321, 0.999, 0.946], valid_loss=0.952, valid_acc=[0.964, 0.394, 1.0, 0.163, 0.158, 0.265, 0.998, 0.86]
Epoch 358: train_loss=0.805, train_acc=[0.977, 0.456, 1.0, 0.226, 0.209, 0.318, 0.999, 0.944], valid_loss=0.934, valid_acc=[0.964, 0.399, 1.0, 0.163, 0.167, 0.268, 0.997, 0.888]
Epoch 359: train_loss=0.803, train_acc=[0.978, 0.449, 1.0, 0.223, 0.219, 0.313, 0.999, 0.945], valid_loss=0.951, valid_acc=[0.956, 0.391, 1.0, 0.17, 0.166, 0.257, 0.997, 0.88]
Epoch 360: train_loss=0.8, train_acc=[0.979, 0.463, 1.0, 0.224, 0.215, 0.316, 0.999, 0.943], valid_loss=0.958, valid_acc=[0.966, 0.389, 1.0, 0.167, 0.155, 0.257, 0.997, 0.86]
Epoch 361: train_loss=0.809, train_acc=[0.978, 0.462, 1.0, 0.218, 0.202, 0.312, 0.999, 0.943], valid_loss=0.937, valid_acc=[0.96, 0.399, 1.0, 0.166, 0.165, 0.255, 0.997, 0.891]
Epoch 362: train_loss=0.804, train_acc=[0.979, 0.457, 1.0, 0.224, 0.203, 0.311, 0.999, 0.943], valid_loss=0.947, valid_acc=[0.958, 0.408, 1.0, 0.168, 0.168, 0.266, 0.995, 0.868]
Epoch 363: train_loss=0.807, train_acc=[0.979, 0.447, 1.0, 0.224, 0.21, 0.309, 0.999, 0.945], valid_loss=0.947, valid_acc=[0.961, 0.383, 1.0, 0.168, 0.163, 0.259, 0.995, 0.873]
Epoch 364: train_loss=0.807, train_acc=[0.976, 0.458, 1.0, 0.224, 0.212, 0.312, 0.999, 0.942], valid_loss=0.938, valid_acc=[0.965, 0.398, 1.0, 0.172, 0.165, 0.256, 0.997, 0.868]
Epoch 365: train_loss=0.799, train_acc=[0.977, 0.458, 1.0, 0.227, 0.214, 0.326, 0.999, 0.947], valid_loss=0.947, valid_acc=[0.965, 0.397, 1.0, 0.162, 0.172, 0.257, 0.999, 0.871]
Epoch 366: train_loss=0.803, train_acc=[0.979, 0.45, 1.0, 0.224, 0.209, 0.314, 0.999, 0.946], valid_loss=0.94, valid_acc=[0.967, 0.4, 1.0, 0.168, 0.159, 0.253, 0.997, 0.878]
Epoch 367: train_loss=0.802, train_acc=[0.974, 0.458, 1.0, 0.232, 0.22, 0.312, 0.999, 0.947], valid_loss=0.958, valid_acc=[0.957, 0.388, 1.0, 0.171, 0.156, 0.257, 0.992, 0.88]
Epoch 368: train_loss=0.802, train_acc=[0.973, 0.46, 1.0, 0.229, 0.21, 0.32, 0.999, 0.946], valid_loss=0.944, valid_acc=[0.962, 0.41, 1.0, 0.173, 0.168, 0.26, 0.995, 0.864]
Epoch 369: train_loss=0.796, train_acc=[0.978, 0.462, 1.0, 0.238, 0.215, 0.305, 0.999, 0.947], valid_loss=0.954, valid_acc=[0.968, 0.391, 1.0, 0.173, 0.158, 0.251, 0.998, 0.863]
Epoch 370: train_loss=0.794, train_acc=[0.976, 0.461, 1.0, 0.238, 0.216, 0.316, 1.0, 0.946], valid_loss=0.928, valid_acc=[0.966, 0.397, 1.0, 0.171, 0.164, 0.265, 0.999, 0.894]
Epoch 371: train_loss=0.799, train_acc=[0.979, 0.455, 1.0, 0.232, 0.206, 0.312, 0.999, 0.947], valid_loss=0.952, valid_acc=[0.954, 0.396, 1.0, 0.168, 0.159, 0.257, 0.996, 0.882]
Epoch 372: train_loss=0.797, train_acc=[0.976, 0.461, 1.0, 0.236, 0.216, 0.316, 0.999, 0.942], valid_loss=0.957, valid_acc=[0.963, 0.386, 1.0, 0.164, 0.166, 0.257, 0.999, 0.869]
Epoch 373: train_loss=0.791, train_acc=[0.979, 0.455, 1.0, 0.238, 0.222, 0.316, 0.999, 0.947], valid_loss=0.942, valid_acc=[0.963, 0.395, 1.0, 0.169, 0.166, 0.259, 0.995, 0.88]
Epoch 374: train_loss=0.79, train_acc=[0.98, 0.472, 1.0, 0.228, 0.219, 0.319, 0.999, 0.945], valid_loss=0.932, valid_acc=[0.973, 0.404, 1.0, 0.162, 0.167, 0.266, 0.998, 0.878]
Epoch 375: train_loss=0.809, train_acc=[0.972, 0.457, 1.0, 0.225, 0.209, 0.311, 0.999, 0.946], valid_loss=0.968, valid_acc=[0.961, 0.385, 1.0, 0.158, 0.168, 0.265, 0.995, 0.863]
Epoch 376: train_loss=0.793, train_acc=[0.978, 0.466, 1.0, 0.225, 0.212, 0.323, 0.999, 0.948], valid_loss=0.947, valid_acc=[0.96, 0.388, 1.0, 0.167, 0.169, 0.254, 0.997, 0.866]
Epoch 377: train_loss=0.79, train_acc=[0.981, 0.469, 1.0, 0.233, 0.214, 0.312, 1.0, 0.946], valid_loss=0.945, valid_acc=[0.957, 0.405, 1.0, 0.171, 0.159, 0.259, 0.997, 0.874]
Epoch 378: train_loss=0.792, train_acc=[0.978, 0.469, 1.0, 0.24, 0.212, 0.314, 0.999, 0.947], valid_loss=0.948, valid_acc=[0.965, 0.401, 1.0, 0.179, 0.163, 0.251, 0.997, 0.87]
Epoch 379: train_loss=0.795, train_acc=[0.977, 0.467, 1.0, 0.225, 0.216, 0.32, 0.999, 0.947], valid_loss=0.938, valid_acc=[0.96, 0.409, 1.0, 0.172, 0.168, 0.262, 0.997, 0.879]
Epoch 380: train_loss=0.795, train_acc=[0.98, 0.465, 1.0, 0.23, 0.215, 0.315, 0.999, 0.945], valid_loss=0.966, valid_acc=[0.966, 0.397, 1.0, 0.167, 0.165, 0.252, 0.997, 0.849]
Epoch 381: train_loss=0.789, train_acc=[0.98, 0.46, 1.0, 0.236, 0.214, 0.322, 0.999, 0.947], valid_loss=0.954, valid_acc=[0.963, 0.397, 1.0, 0.169, 0.162, 0.257, 0.996, 0.872]
Epoch 382: train_loss=0.782, train_acc=[0.981, 0.471, 1.0, 0.239, 0.221, 0.325, 1.0, 0.947], valid_loss=0.95, valid_acc=[0.962, 0.396, 1.0, 0.169, 0.167, 0.263, 0.994, 0.865]
Epoch 383: train_loss=0.785, train_acc=[0.979, 0.473, 1.0, 0.237, 0.225, 0.323, 0.999, 0.946], valid_loss=0.948, valid_acc=[0.966, 0.398, 1.0, 0.175, 0.167, 0.255, 0.997, 0.863]
Epoch 384: train_loss=0.784, train_acc=[0.979, 0.479, 1.0, 0.228, 0.217, 0.328, 1.0, 0.948], valid_loss=0.94, valid_acc=[0.968, 0.389, 1.0, 0.17, 0.152, 0.268, 0.994, 0.877]
Epoch 385: train_loss=0.794, train_acc=[0.981, 0.46, 1.0, 0.227, 0.209, 0.324, 0.999, 0.947], valid_loss=0.953, valid_acc=[0.959, 0.396, 1.0, 0.172, 0.173, 0.261, 0.998, 0.874]
Epoch 386: train_loss=0.786, train_acc=[0.981, 0.469, 1.0, 0.226, 0.219, 0.323, 0.999, 0.949], valid_loss=0.949, valid_acc=[0.972, 0.407, 1.0, 0.171, 0.164, 0.254, 0.998, 0.864]
Epoch 387: train_loss=0.786, train_acc=[0.98, 0.466, 1.0, 0.236, 0.22, 0.323, 0.999, 0.949], valid_loss=0.951, valid_acc=[0.96, 0.396, 1.0, 0.166, 0.173, 0.258, 0.997, 0.866]
Epoch 388: train_loss=0.786, train_acc=[0.979, 0.47, 1.0, 0.236, 0.217, 0.322, 1.0, 0.949], valid_loss=0.96, valid_acc=[0.959, 0.404, 1.0, 0.17, 0.158, 0.26, 0.997, 0.86]
Epoch 389: train_loss=0.786, train_acc=[0.979, 0.467, 1.0, 0.235, 0.213, 0.327, 0.999, 0.947], valid_loss=0.961, valid_acc=[0.965, 0.382, 1.0, 0.165, 0.164, 0.258, 0.996, 0.872]
Epoch 390: train_loss=0.785, train_acc=[0.979, 0.475, 1.0, 0.236, 0.219, 0.317, 0.999, 0.949], valid_loss=0.943, valid_acc=[0.964, 0.409, 1.0, 0.167, 0.173, 0.251, 0.994, 0.869]
Epoch 391: train_loss=0.786, train_acc=[0.979, 0.468, 1.0, 0.238, 0.218, 0.319, 0.999, 0.949], valid_loss=0.958, valid_acc=[0.963, 0.395, 1.0, 0.169, 0.162, 0.273, 0.995, 0.874]
Epoch 392: train_loss=0.78, train_acc=[0.979, 0.477, 1.0, 0.236, 0.227, 0.322, 1.0, 0.948], valid_loss=0.952, valid_acc=[0.967, 0.409, 1.0, 0.172, 0.167, 0.255, 0.997, 0.867]
Epoch 393: train_loss=0.786, train_acc=[0.978, 0.464, 1.0, 0.237, 0.222, 0.326, 0.999, 0.949], valid_loss=0.96, valid_acc=[0.966, 0.385, 1.0, 0.168, 0.159, 0.253, 0.998, 0.877]
Epoch 394: train_loss=0.78, train_acc=[0.979, 0.465, 1.0, 0.243, 0.213, 0.332, 0.999, 0.952], valid_loss=0.964, valid_acc=[0.97, 0.395, 1.0, 0.173, 0.164, 0.253, 0.995, 0.861]
Epoch 395: train_loss=0.778, train_acc=[0.979, 0.467, 1.0, 0.244, 0.221, 0.327, 0.999, 0.95], valid_loss=0.954, valid_acc=[0.962, 0.386, 1.0, 0.169, 0.162, 0.269, 0.997, 0.876]
Epoch 396: train_loss=0.785, train_acc=[0.976, 0.478, 1.0, 0.234, 0.22, 0.322, 0.999, 0.951], valid_loss=0.955, valid_acc=[0.97, 0.408, 1.0, 0.169, 0.165, 0.264, 0.993, 0.867]
Epoch 397: train_loss=0.786, train_acc=[0.976, 0.472, 1.0, 0.237, 0.213, 0.33, 0.999, 0.946], valid_loss=0.954, valid_acc=[0.967, 0.399, 1.0, 0.17, 0.165, 0.26, 0.998, 0.865]
Epoch 398: train_loss=0.78, train_acc=[0.98, 0.475, 1.0, 0.238, 0.206, 0.324, 0.999, 0.949], valid_loss=0.985, valid_acc=[0.959, 0.385, 1.0, 0.17, 0.165, 0.25, 0.993, 0.853]
Epoch 399: train_loss=0.784, train_acc=[0.978, 0.472, 1.0, 0.238, 0.217, 0.324, 0.999, 0.946], valid_loss=0.964, valid_acc=[0.956, 0.405, 1.0, 0.17, 0.159, 0.261, 0.998, 0.862]
Epoch 400: train_loss=0.78, train_acc=[0.979, 0.469, 1.0, 0.249, 0.208, 0.323, 0.999, 0.949], valid_loss=0.955, valid_acc=[0.96, 0.392, 1.0, 0.174, 0.169, 0.254, 0.996, 0.874]
Epoch 401: train_loss=0.782, train_acc=[0.978, 0.478, 1.0, 0.233, 0.212, 0.329, 1.0, 0.95], valid_loss=0.95, valid_acc=[0.959, 0.402, 1.0, 0.181, 0.16, 0.258, 0.996, 0.867]
Epoch 402: train_loss=0.779, train_acc=[0.982, 0.481, 1.0, 0.242, 0.213, 0.314, 0.999, 0.949], valid_loss=0.943, valid_acc=[0.96, 0.405, 1.0, 0.168, 0.163, 0.268, 1.0, 0.885]
Epoch 403: train_loss=0.781, train_acc=[0.978, 0.475, 1.0, 0.235, 0.237, 0.321, 1.0, 0.951], valid_loss=0.941, valid_acc=[0.971, 0.396, 1.0, 0.17, 0.163, 0.261, 0.997, 0.873]
Epoch 404: train_loss=0.779, train_acc=[0.98, 0.474, 1.0, 0.235, 0.217, 0.331, 0.999, 0.95], valid_loss=0.947, valid_acc=[0.963, 0.404, 1.0, 0.175, 0.164, 0.257, 0.993, 0.873]
Epoch 405: train_loss=0.778, train_acc=[0.977, 0.472, 1.0, 0.239, 0.225, 0.331, 0.999, 0.951], valid_loss=0.949, valid_acc=[0.966, 0.412, 1.0, 0.175, 0.157, 0.268, 0.997, 0.865]
Epoch 406: train_loss=0.777, train_acc=[0.981, 0.477, 1.0, 0.242, 0.22, 0.328, 0.999, 0.949], valid_loss=0.949, valid_acc=[0.965, 0.382, 1.0, 0.177, 0.166, 0.267, 0.998, 0.865]
Epoch 407: train_loss=0.777, train_acc=[0.979, 0.481, 1.0, 0.243, 0.217, 0.326, 0.999, 0.952], valid_loss=0.938, valid_acc=[0.965, 0.4, 1.0, 0.169, 0.161, 0.261, 0.999, 0.878]
Epoch 408: train_loss=0.767, train_acc=[0.981, 0.482, 1.0, 0.248, 0.215, 0.337, 0.999, 0.953], valid_loss=0.961, valid_acc=[0.969, 0.404, 1.0, 0.168, 0.164, 0.254, 0.996, 0.854]
Epoch 409: train_loss=0.768, train_acc=[0.981, 0.482, 1.0, 0.253, 0.214, 0.33, 1.0, 0.952], valid_loss=0.941, valid_acc=[0.965, 0.412, 1.0, 0.172, 0.164, 0.259, 0.995, 0.866]
Epoch 410: train_loss=0.769, train_acc=[0.981, 0.486, 1.0, 0.248, 0.213, 0.319, 0.999, 0.955], valid_loss=0.946, valid_acc=[0.96, 0.396, 1.0, 0.169, 0.17, 0.265, 0.997, 0.881]
Epoch 411: train_loss=0.767, train_acc=[0.983, 0.482, 1.0, 0.243, 0.225, 0.326, 0.999, 0.954], valid_loss=0.96, valid_acc=[0.961, 0.387, 1.0, 0.177, 0.173, 0.25, 0.996, 0.87]
Epoch 412: train_loss=0.768, train_acc=[0.982, 0.487, 1.0, 0.249, 0.211, 0.326, 1.0, 0.953], valid_loss=0.955, valid_acc=[0.968, 0.378, 1.0, 0.172, 0.167, 0.254, 0.999, 0.869]
Epoch 413: train_loss=0.772, train_acc=[0.98, 0.482, 1.0, 0.252, 0.219, 0.325, 1.0, 0.949], valid_loss=0.953, valid_acc=[0.966, 0.391, 1.0, 0.17, 0.177, 0.256, 0.996, 0.866]
Epoch 414: train_loss=0.764, train_acc=[0.982, 0.488, 1.0, 0.251, 0.215, 0.322, 0.999, 0.955], valid_loss=0.961, valid_acc=[0.964, 0.389, 1.0, 0.17, 0.16, 0.259, 0.999, 0.875]
Epoch 415: train_loss=0.764, train_acc=[0.981, 0.487, 1.0, 0.251, 0.219, 0.334, 0.999, 0.953], valid_loss=0.95, valid_acc=[0.967, 0.391, 1.0, 0.175, 0.157, 0.263, 0.997, 0.871]
