Epoch 1: train_loss=2.511, train_acc=[0.262, 0.183, 0.983, 0.041, 0.09, 0.132, 0.914, 0.784], valid_loss=1.802, valid_acc=[0.857, 0.339, 0.993, 0.076, 0.111, 0.172, 0.961, 0.942]
Epoch 2: train_loss=1.511, train_acc=[0.871, 0.369, 0.992, 0.076, 0.124, 0.18, 0.968, 0.946], valid_loss=1.313, valid_acc=[0.871, 0.397, 0.992, 0.096, 0.128, 0.183, 0.977, 0.956]
Epoch 3: train_loss=1.27, train_acc=[0.874, 0.403, 0.992, 0.104, 0.143, 0.195, 0.981, 0.952], valid_loss=1.205, valid_acc=[0.877, 0.406, 0.992, 0.114, 0.144, 0.203, 0.985, 0.956]
Epoch 4: train_loss=1.193, train_acc=[0.876, 0.401, 0.992, 0.113, 0.152, 0.2, 0.984, 0.956], valid_loss=1.166, valid_acc=[0.873, 0.399, 0.992, 0.11, 0.142, 0.192, 0.988, 0.96]
Epoch 5: train_loss=1.149, train_acc=[0.876, 0.405, 0.992, 0.12, 0.159, 0.201, 0.987, 0.955], valid_loss=1.122, valid_acc=[0.88, 0.407, 0.992, 0.124, 0.163, 0.207, 0.986, 0.953]
Epoch 6: train_loss=1.114, train_acc=[0.875, 0.412, 0.992, 0.13, 0.168, 0.206, 0.987, 0.955], valid_loss=1.096, valid_acc=[0.879, 0.413, 0.992, 0.132, 0.173, 0.207, 0.986, 0.962]
Epoch 7: train_loss=1.089, train_acc=[0.877, 0.413, 0.992, 0.132, 0.177, 0.208, 0.988, 0.957], valid_loss=1.081, valid_acc=[0.875, 0.416, 0.992, 0.134, 0.172, 0.201, 0.987, 0.958]
Epoch 8: train_loss=1.063, train_acc=[0.879, 0.424, 0.992, 0.138, 0.179, 0.213, 0.99, 0.956], valid_loss=1.074, valid_acc=[0.882, 0.414, 0.992, 0.13, 0.174, 0.203, 0.984, 0.956]
Epoch 9: train_loss=1.044, train_acc=[0.884, 0.429, 0.992, 0.144, 0.182, 0.214, 0.99, 0.957], valid_loss=1.045, valid_acc=[0.888, 0.431, 0.992, 0.145, 0.185, 0.213, 0.988, 0.956]
Epoch 10: train_loss=1.022, train_acc=[0.889, 0.441, 0.992, 0.152, 0.189, 0.221, 0.989, 0.956], valid_loss=1.039, valid_acc=[0.888, 0.432, 0.991, 0.148, 0.179, 0.209, 0.989, 0.957]
Epoch 11: train_loss=0.999, train_acc=[0.895, 0.448, 0.992, 0.164, 0.2, 0.23, 0.99, 0.957], valid_loss=1.028, valid_acc=[0.89, 0.435, 0.992, 0.15, 0.181, 0.212, 0.989, 0.957]
Epoch 12: train_loss=0.985, train_acc=[0.897, 0.452, 0.992, 0.171, 0.199, 0.234, 0.99, 0.958], valid_loss=1.001, valid_acc=[0.891, 0.449, 0.992, 0.169, 0.192, 0.229, 0.987, 0.964]
Epoch 13: train_loss=0.967, train_acc=[0.898, 0.463, 0.992, 0.181, 0.201, 0.242, 0.99, 0.956], valid_loss=0.991, valid_acc=[0.893, 0.451, 0.991, 0.178, 0.191, 0.237, 0.987, 0.956]
Epoch 14: train_loss=0.914, train_acc=[0.902, 0.481, 0.992, 0.236, 0.211, 0.294, 0.99, 0.957], valid_loss=0.884, valid_acc=[0.896, 0.495, 0.992, 0.309, 0.21, 0.368, 0.988, 0.957]
Epoch 15: train_loss=0.826, train_acc=[0.902, 0.534, 0.992, 0.357, 0.22, 0.415, 0.991, 0.956], valid_loss=0.796, valid_acc=[0.897, 0.547, 0.992, 0.426, 0.227, 0.48, 0.987, 0.961]
Epoch 16: train_loss=0.753, train_acc=[0.909, 0.585, 0.993, 0.436, 0.246, 0.494, 0.991, 0.959], valid_loss=0.737, valid_acc=[0.9, 0.608, 0.992, 0.486, 0.251, 0.537, 0.989, 0.959]
Epoch 17: train_loss=0.69, train_acc=[0.914, 0.638, 0.993, 0.494, 0.28, 0.55, 0.992, 0.96], valid_loss=0.684, valid_acc=[0.908, 0.657, 0.992, 0.533, 0.293, 0.581, 0.989, 0.959]
Epoch 18: train_loss=0.644, train_acc=[0.92, 0.67, 0.993, 0.533, 0.321, 0.581, 0.992, 0.964], valid_loss=0.665, valid_acc=[0.914, 0.674, 0.991, 0.537, 0.334, 0.59, 0.987, 0.957]
Epoch 19: train_loss=0.607, train_acc=[0.927, 0.696, 0.994, 0.56, 0.363, 0.605, 0.993, 0.966], valid_loss=0.623, valid_acc=[0.917, 0.699, 0.991, 0.571, 0.392, 0.616, 0.988, 0.965]
Epoch 20: train_loss=0.576, train_acc=[0.931, 0.713, 0.995, 0.583, 0.411, 0.625, 0.993, 0.968], valid_loss=0.59, valid_acc=[0.92, 0.716, 0.992, 0.602, 0.445, 0.643, 0.989, 0.963]
Epoch 21: train_loss=0.548, train_acc=[0.935, 0.727, 0.995, 0.604, 0.453, 0.642, 0.994, 0.968], valid_loss=0.579, valid_acc=[0.924, 0.722, 0.991, 0.612, 0.477, 0.642, 0.988, 0.965]
Epoch 22: train_loss=0.521, train_acc=[0.938, 0.741, 0.996, 0.623, 0.495, 0.661, 0.994, 0.971], valid_loss=0.6, valid_acc=[0.925, 0.709, 0.992, 0.595, 0.498, 0.627, 0.988, 0.964]
Epoch 23: train_loss=0.493, train_acc=[0.943, 0.756, 0.996, 0.643, 0.537, 0.677, 0.995, 0.972], valid_loss=0.527, valid_acc=[0.931, 0.749, 0.991, 0.655, 0.563, 0.685, 0.989, 0.969]
Epoch 24: train_loss=0.49, train_acc=[0.944, 0.754, 0.997, 0.64, 0.558, 0.674, 0.995, 0.973], valid_loss=0.544, valid_acc=[0.927, 0.736, 0.991, 0.648, 0.578, 0.676, 0.987, 0.963]
Epoch 25: train_loss=0.464, train_acc=[0.947, 0.77, 0.997, 0.662, 0.587, 0.694, 0.996, 0.974], valid_loss=0.535, valid_acc=[0.933, 0.751, 0.992, 0.653, 0.6, 0.683, 0.987, 0.967]
Epoch 26: train_loss=0.439, train_acc=[0.95, 0.781, 0.997, 0.679, 0.617, 0.709, 0.996, 0.975], valid_loss=0.498, valid_acc=[0.937, 0.77, 0.992, 0.686, 0.629, 0.711, 0.989, 0.968]
Epoch 27: train_loss=0.442, train_acc=[0.949, 0.778, 0.998, 0.676, 0.622, 0.705, 0.996, 0.977], valid_loss=0.504, valid_acc=[0.938, 0.76, 0.992, 0.673, 0.634, 0.699, 0.989, 0.97]
Epoch 28: train_loss=0.397, train_acc=[0.954, 0.804, 0.998, 0.713, 0.664, 0.74, 0.996, 0.979], valid_loss=0.495, valid_acc=[0.937, 0.766, 0.992, 0.677, 0.647, 0.704, 0.989, 0.969]
Epoch 29: train_loss=0.4, train_acc=[0.954, 0.802, 0.998, 0.707, 0.666, 0.734, 0.997, 0.98], valid_loss=0.503, valid_acc=[0.938, 0.767, 0.991, 0.673, 0.653, 0.701, 0.988, 0.971]
Epoch 30: train_loss=0.408, train_acc=[0.954, 0.796, 0.998, 0.698, 0.665, 0.725, 0.997, 0.98], valid_loss=0.477, valid_acc=[0.94, 0.773, 0.992, 0.694, 0.672, 0.716, 0.989, 0.973]
Epoch 31: train_loss=0.386, train_acc=[0.957, 0.808, 0.998, 0.715, 0.685, 0.742, 0.997, 0.981], valid_loss=0.506, valid_acc=[0.937, 0.764, 0.992, 0.677, 0.657, 0.699, 0.99, 0.972]
Epoch 32: train_loss=0.38, train_acc=[0.958, 0.809, 0.998, 0.719, 0.693, 0.744, 0.997, 0.98], valid_loss=0.485, valid_acc=[0.939, 0.778, 0.992, 0.693, 0.684, 0.721, 0.989, 0.97]
Epoch 33: train_loss=0.372, train_acc=[0.959, 0.815, 0.998, 0.725, 0.702, 0.75, 0.997, 0.982], valid_loss=0.458, valid_acc=[0.944, 0.789, 0.992, 0.707, 0.701, 0.734, 0.99, 0.972]
Epoch 34: train_loss=0.352, train_acc=[0.962, 0.828, 0.998, 0.742, 0.722, 0.767, 0.997, 0.982], valid_loss=0.449, valid_acc=[0.944, 0.798, 0.992, 0.72, 0.713, 0.743, 0.99, 0.971]
Epoch 35: train_loss=0.355, train_acc=[0.962, 0.824, 0.998, 0.736, 0.719, 0.76, 0.997, 0.983], valid_loss=0.462, valid_acc=[0.941, 0.787, 0.992, 0.702, 0.697, 0.725, 0.989, 0.972]
Epoch 36: train_loss=0.329, train_acc=[0.965, 0.84, 0.999, 0.759, 0.742, 0.781, 0.998, 0.984], valid_loss=0.482, valid_acc=[0.942, 0.783, 0.991, 0.697, 0.692, 0.722, 0.988, 0.97]
Epoch 37: train_loss=0.332, train_acc=[0.965, 0.838, 0.999, 0.756, 0.743, 0.779, 0.998, 0.984], valid_loss=0.454, valid_acc=[0.945, 0.795, 0.992, 0.719, 0.721, 0.746, 0.988, 0.973]
Epoch 38: train_loss=0.309, train_acc=[0.967, 0.85, 0.999, 0.776, 0.761, 0.798, 0.998, 0.986], valid_loss=0.41, valid_acc=[0.948, 0.819, 0.992, 0.754, 0.754, 0.777, 0.989, 0.975]
Epoch 39: train_loss=0.327, train_acc=[0.966, 0.841, 0.999, 0.76, 0.747, 0.781, 0.998, 0.985], valid_loss=0.489, valid_acc=[0.943, 0.77, 0.991, 0.694, 0.695, 0.72, 0.989, 0.972]
Epoch 40: train_loss=0.308, train_acc=[0.967, 0.848, 0.999, 0.775, 0.764, 0.795, 0.998, 0.986], valid_loss=0.472, valid_acc=[0.943, 0.783, 0.992, 0.704, 0.706, 0.729, 0.988, 0.972]
Epoch 41: train_loss=0.298, train_acc=[0.969, 0.855, 0.999, 0.783, 0.772, 0.802, 0.998, 0.987], valid_loss=0.452, valid_acc=[0.946, 0.799, 0.992, 0.728, 0.734, 0.75, 0.988, 0.975]
Epoch 42: train_loss=0.308, train_acc=[0.968, 0.849, 0.999, 0.774, 0.765, 0.793, 0.998, 0.987], valid_loss=0.418, valid_acc=[0.948, 0.815, 0.992, 0.749, 0.751, 0.771, 0.99, 0.976]
Epoch 43: train_loss=0.288, train_acc=[0.97, 0.861, 0.999, 0.79, 0.782, 0.812, 0.998, 0.987], valid_loss=0.426, valid_acc=[0.948, 0.816, 0.992, 0.754, 0.758, 0.776, 0.988, 0.975]
Epoch 44: train_loss=0.297, train_acc=[0.969, 0.857, 0.999, 0.781, 0.774, 0.802, 0.998, 0.986], valid_loss=0.426, valid_acc=[0.946, 0.815, 0.992, 0.748, 0.753, 0.77, 0.99, 0.975]
Epoch 45: train_loss=0.282, train_acc=[0.971, 0.864, 0.999, 0.795, 0.788, 0.813, 0.998, 0.988], valid_loss=0.455, valid_acc=[0.946, 0.796, 0.991, 0.725, 0.733, 0.746, 0.989, 0.974]
Epoch 46: train_loss=0.285, train_acc=[0.971, 0.862, 0.999, 0.789, 0.783, 0.809, 0.998, 0.987], valid_loss=0.428, valid_acc=[0.947, 0.811, 0.991, 0.743, 0.75, 0.764, 0.989, 0.977]
Epoch 47: train_loss=0.281, train_acc=[0.971, 0.864, 0.999, 0.795, 0.788, 0.812, 0.998, 0.988], valid_loss=0.426, valid_acc=[0.947, 0.812, 0.992, 0.741, 0.746, 0.759, 0.989, 0.976]
Epoch 48: train_loss=0.283, train_acc=[0.971, 0.863, 0.999, 0.792, 0.785, 0.811, 0.998, 0.988], valid_loss=0.417, valid_acc=[0.947, 0.818, 0.992, 0.753, 0.758, 0.771, 0.989, 0.976]
Epoch 49: train_loss=0.254, train_acc=[0.974, 0.878, 0.999, 0.814, 0.808, 0.832, 0.998, 0.989], valid_loss=0.441, valid_acc=[0.949, 0.808, 0.992, 0.746, 0.756, 0.77, 0.989, 0.977]
Epoch 50: train_loss=0.274, train_acc=[0.973, 0.867, 0.999, 0.799, 0.794, 0.817, 0.998, 0.986], valid_loss=0.452, valid_acc=[0.945, 0.8, 0.992, 0.729, 0.733, 0.748, 0.99, 0.974]
Epoch 51: train_loss=0.26, train_acc=[0.974, 0.876, 0.999, 0.81, 0.805, 0.829, 0.998, 0.989], valid_loss=0.456, valid_acc=[0.946, 0.795, 0.993, 0.725, 0.733, 0.745, 0.989, 0.977]
Epoch 52: train_loss=0.278, train_acc=[0.972, 0.865, 0.999, 0.792, 0.789, 0.812, 0.998, 0.988], valid_loss=0.447, valid_acc=[0.948, 0.807, 0.992, 0.74, 0.742, 0.755, 0.99, 0.975]
Epoch 53: train_loss=0.278, train_acc=[0.973, 0.864, 0.999, 0.791, 0.789, 0.81, 0.998, 0.988], valid_loss=0.425, valid_acc=[0.948, 0.819, 0.992, 0.756, 0.768, 0.779, 0.989, 0.974]
Epoch 54: train_loss=0.266, train_acc=[0.974, 0.87, 0.999, 0.801, 0.797, 0.819, 0.998, 0.988], valid_loss=0.473, valid_acc=[0.945, 0.786, 0.992, 0.709, 0.723, 0.733, 0.989, 0.974]
Epoch 55: train_loss=0.251, train_acc=[0.976, 0.878, 1.0, 0.815, 0.811, 0.831, 0.998, 0.989], valid_loss=0.476, valid_acc=[0.945, 0.788, 0.992, 0.711, 0.716, 0.735, 0.989, 0.97]
Epoch 56: train_loss=0.247, train_acc=[0.976, 0.879, 1.0, 0.815, 0.813, 0.833, 0.998, 0.99], valid_loss=0.474, valid_acc=[0.945, 0.79, 0.992, 0.713, 0.723, 0.735, 0.986, 0.974]
Epoch 57: train_loss=0.227, train_acc=[0.978, 0.892, 1.0, 0.834, 0.831, 0.85, 0.999, 0.99], valid_loss=0.469, valid_acc=[0.945, 0.797, 0.992, 0.731, 0.74, 0.751, 0.989, 0.974]
Epoch 58: train_loss=0.246, train_acc=[0.977, 0.88, 1.0, 0.815, 0.811, 0.831, 0.999, 0.99], valid_loss=0.469, valid_acc=[0.947, 0.792, 0.992, 0.717, 0.728, 0.742, 0.988, 0.974]
Epoch 59: train_loss=0.245, train_acc=[0.977, 0.882, 1.0, 0.817, 0.813, 0.831, 0.999, 0.99], valid_loss=0.426, valid_acc=[0.949, 0.823, 0.992, 0.763, 0.771, 0.781, 0.989, 0.977]
Epoch 60: train_loss=0.229, train_acc=[0.978, 0.89, 1.0, 0.831, 0.828, 0.845, 0.999, 0.99], valid_loss=0.427, valid_acc=[0.949, 0.818, 0.992, 0.754, 0.762, 0.772, 0.988, 0.975]
Epoch 61: train_loss=0.242, train_acc=[0.977, 0.885, 1.0, 0.818, 0.814, 0.835, 0.999, 0.989], valid_loss=0.452, valid_acc=[0.947, 0.8, 0.991, 0.731, 0.741, 0.754, 0.99, 0.974]
Epoch 62: train_loss=0.233, train_acc=[0.978, 0.888, 1.0, 0.826, 0.826, 0.842, 0.999, 0.99], valid_loss=0.449, valid_acc=[0.947, 0.806, 0.992, 0.738, 0.747, 0.762, 0.99, 0.976]
Epoch 63: train_loss=0.238, train_acc=[0.978, 0.884, 1.0, 0.822, 0.819, 0.838, 0.999, 0.99], valid_loss=0.444, valid_acc=[0.948, 0.812, 0.992, 0.743, 0.754, 0.766, 0.988, 0.976]
Epoch 64: train_loss=0.234, train_acc=[0.978, 0.885, 0.999, 0.821, 0.82, 0.838, 0.999, 0.99], valid_loss=0.446, valid_acc=[0.948, 0.808, 0.992, 0.74, 0.749, 0.76, 0.99, 0.974]
Epoch 65: train_loss=0.23, train_acc=[0.979, 0.887, 1.0, 0.825, 0.824, 0.84, 0.999, 0.99], valid_loss=0.454, valid_acc=[0.947, 0.806, 0.992, 0.734, 0.748, 0.756, 0.989, 0.975]
Epoch 66: train_loss=0.241, train_acc=[0.978, 0.882, 0.999, 0.817, 0.813, 0.831, 0.999, 0.99], valid_loss=0.444, valid_acc=[0.948, 0.808, 0.993, 0.746, 0.757, 0.765, 0.988, 0.977]
Epoch 67: train_loss=0.228, train_acc=[0.98, 0.887, 0.999, 0.827, 0.824, 0.841, 0.999, 0.99], valid_loss=0.433, valid_acc=[0.949, 0.821, 0.991, 0.76, 0.766, 0.777, 0.989, 0.975]
Epoch 68: train_loss=0.231, train_acc=[0.98, 0.887, 1.0, 0.823, 0.821, 0.84, 0.999, 0.99], valid_loss=0.455, valid_acc=[0.947, 0.811, 0.992, 0.742, 0.751, 0.763, 0.99, 0.977]
Epoch 69: train_loss=0.209, train_acc=[0.982, 0.899, 1.0, 0.845, 0.842, 0.858, 0.999, 0.991], valid_loss=0.472, valid_acc=[0.945, 0.792, 0.992, 0.722, 0.74, 0.744, 0.989, 0.974]
Epoch 70: train_loss=0.22, train_acc=[0.981, 0.895, 1.0, 0.832, 0.829, 0.847, 0.999, 0.991], valid_loss=0.435, valid_acc=[0.949, 0.82, 0.992, 0.752, 0.765, 0.773, 0.989, 0.976]
Epoch 71: train_loss=0.232, train_acc=[0.98, 0.885, 1.0, 0.822, 0.819, 0.836, 0.999, 0.991], valid_loss=0.465, valid_acc=[0.946, 0.806, 0.992, 0.732, 0.741, 0.751, 0.989, 0.975]
Epoch 72: train_loss=0.213, train_acc=[0.982, 0.896, 1.0, 0.837, 0.836, 0.853, 0.999, 0.991], valid_loss=0.428, valid_acc=[0.95, 0.819, 0.991, 0.763, 0.776, 0.785, 0.99, 0.971]
Epoch 73: train_loss=0.202, train_acc=[0.983, 0.903, 1.0, 0.847, 0.845, 0.862, 0.999, 0.992], valid_loss=0.451, valid_acc=[0.948, 0.81, 0.992, 0.743, 0.763, 0.77, 0.988, 0.975]
Epoch 74: train_loss=0.216, train_acc=[0.982, 0.893, 1.0, 0.834, 0.832, 0.848, 0.999, 0.992], valid_loss=0.447, valid_acc=[0.948, 0.81, 0.992, 0.751, 0.764, 0.769, 0.989, 0.976]
Epoch 75: train_loss=0.197, train_acc=[0.984, 0.905, 1.0, 0.851, 0.849, 0.863, 0.999, 0.992], valid_loss=0.465, valid_acc=[0.947, 0.807, 0.992, 0.744, 0.757, 0.766, 0.988, 0.975]
Epoch 76: train_loss=0.216, train_acc=[0.983, 0.894, 1.0, 0.832, 0.829, 0.845, 0.999, 0.992], valid_loss=0.457, valid_acc=[0.948, 0.815, 0.991, 0.755, 0.771, 0.777, 0.989, 0.974]
Epoch 77: train_loss=0.196, train_acc=[0.984, 0.905, 1.0, 0.85, 0.848, 0.864, 0.999, 0.991], valid_loss=0.452, valid_acc=[0.947, 0.811, 0.992, 0.742, 0.754, 0.762, 0.989, 0.976]
Epoch 78: train_loss=0.2, train_acc=[0.984, 0.903, 1.0, 0.846, 0.844, 0.861, 0.999, 0.991], valid_loss=0.485, valid_acc=[0.947, 0.791, 0.993, 0.716, 0.729, 0.739, 0.989, 0.976]
Epoch 79: train_loss=0.208, train_acc=[0.984, 0.898, 1.0, 0.84, 0.838, 0.853, 0.999, 0.992], valid_loss=0.436, valid_acc=[0.95, 0.819, 0.992, 0.762, 0.776, 0.781, 0.989, 0.978]
Epoch 80: train_loss=0.202, train_acc=[0.983, 0.902, 1.0, 0.843, 0.84, 0.857, 0.999, 0.992], valid_loss=0.449, valid_acc=[0.948, 0.814, 0.992, 0.754, 0.77, 0.776, 0.989, 0.975]
Epoch 81: train_loss=0.197, train_acc=[0.985, 0.906, 1.0, 0.849, 0.846, 0.862, 0.999, 0.992], valid_loss=0.431, valid_acc=[0.949, 0.822, 0.992, 0.767, 0.777, 0.787, 0.991, 0.976]
Epoch 82: train_loss=0.201, train_acc=[0.985, 0.899, 1.0, 0.844, 0.844, 0.858, 0.999, 0.992], valid_loss=0.47, valid_acc=[0.948, 0.801, 0.991, 0.738, 0.751, 0.755, 0.988, 0.973]
Epoch 83: train_loss=0.21, train_acc=[0.984, 0.898, 1.0, 0.835, 0.834, 0.85, 0.999, 0.991], valid_loss=0.486, valid_acc=[0.945, 0.794, 0.991, 0.714, 0.728, 0.738, 0.989, 0.975]
Epoch 84: train_loss=0.192, train_acc=[0.985, 0.908, 1.0, 0.853, 0.851, 0.867, 0.999, 0.992], valid_loss=0.428, valid_acc=[0.951, 0.828, 0.992, 0.768, 0.78, 0.79, 0.989, 0.975]
Epoch 85: train_loss=0.212, train_acc=[0.984, 0.895, 1.0, 0.832, 0.832, 0.847, 0.999, 0.992], valid_loss=0.463, valid_acc=[0.947, 0.809, 0.992, 0.741, 0.753, 0.763, 0.988, 0.975]
Epoch 86: train_loss=0.186, train_acc=[0.986, 0.91, 1.0, 0.854, 0.852, 0.867, 0.999, 0.993], valid_loss=0.414, valid_acc=[0.949, 0.829, 0.992, 0.782, 0.792, 0.8, 0.989, 0.977]
Epoch 87: train_loss=0.189, train_acc=[0.986, 0.91, 1.0, 0.854, 0.852, 0.866, 0.999, 0.993], valid_loss=0.463, valid_acc=[0.947, 0.795, 0.993, 0.734, 0.746, 0.756, 0.99, 0.973]
Epoch 88: train_loss=0.178, train_acc=[0.987, 0.916, 1.0, 0.864, 0.863, 0.876, 0.999, 0.993], valid_loss=0.451, valid_acc=[0.947, 0.809, 0.992, 0.741, 0.752, 0.759, 0.99, 0.975]
Epoch 89: train_loss=0.201, train_acc=[0.986, 0.902, 1.0, 0.841, 0.841, 0.857, 0.999, 0.993], valid_loss=0.481, valid_acc=[0.946, 0.79, 0.992, 0.716, 0.731, 0.74, 0.99, 0.974]
Epoch 90: train_loss=0.179, train_acc=[0.987, 0.914, 1.0, 0.861, 0.861, 0.873, 0.999, 0.993], valid_loss=0.471, valid_acc=[0.948, 0.805, 0.992, 0.741, 0.756, 0.764, 0.99, 0.975]
Epoch 91: train_loss=0.197, train_acc=[0.986, 0.904, 1.0, 0.846, 0.845, 0.859, 0.999, 0.993], valid_loss=0.474, valid_acc=[0.946, 0.799, 0.992, 0.73, 0.746, 0.754, 0.989, 0.975]
Epoch 92: train_loss=0.209, train_acc=[0.986, 0.899, 1.0, 0.833, 0.832, 0.846, 0.999, 0.992], valid_loss=0.469, valid_acc=[0.946, 0.803, 0.992, 0.737, 0.751, 0.759, 0.989, 0.974]
Epoch 93: train_loss=0.186, train_acc=[0.987, 0.911, 1.0, 0.855, 0.854, 0.868, 0.999, 0.992], valid_loss=0.449, valid_acc=[0.948, 0.813, 0.992, 0.752, 0.77, 0.774, 0.989, 0.976]
Epoch 94: train_loss=0.181, train_acc=[0.988, 0.912, 1.0, 0.86, 0.859, 0.872, 0.999, 0.993], valid_loss=0.462, valid_acc=[0.948, 0.807, 0.992, 0.746, 0.764, 0.771, 0.99, 0.975]
Epoch 95: train_loss=0.181, train_acc=[0.988, 0.914, 1.0, 0.859, 0.856, 0.87, 0.999, 0.993], valid_loss=0.443, valid_acc=[0.948, 0.819, 0.993, 0.763, 0.776, 0.785, 0.99, 0.974]
Epoch 96: train_loss=0.171, train_acc=[0.988, 0.918, 1.0, 0.866, 0.863, 0.877, 0.999, 0.993], valid_loss=0.469, valid_acc=[0.947, 0.809, 0.992, 0.749, 0.764, 0.772, 0.989, 0.975]
Epoch 97: train_loss=0.181, train_acc=[0.988, 0.91, 1.0, 0.857, 0.856, 0.868, 0.999, 0.993], valid_loss=0.434, valid_acc=[0.95, 0.824, 0.992, 0.767, 0.781, 0.788, 0.988, 0.976]
Epoch 98: train_loss=0.173, train_acc=[0.988, 0.916, 1.0, 0.863, 0.861, 0.875, 0.999, 0.993], valid_loss=0.473, valid_acc=[0.946, 0.81, 0.992, 0.746, 0.762, 0.765, 0.989, 0.975]
Epoch 99: train_loss=0.182, train_acc=[0.989, 0.912, 1.0, 0.855, 0.854, 0.868, 0.999, 0.993], valid_loss=0.472, valid_acc=[0.948, 0.806, 0.992, 0.735, 0.755, 0.76, 0.989, 0.974]
Epoch 100: train_loss=0.169, train_acc=[0.989, 0.919, 1.0, 0.865, 0.863, 0.876, 0.999, 0.993], valid_loss=0.47, valid_acc=[0.945, 0.807, 0.992, 0.748, 0.761, 0.769, 0.989, 0.975]
Epoch 101: train_loss=0.178, train_acc=[0.989, 0.913, 1.0, 0.858, 0.857, 0.871, 0.999, 0.993], valid_loss=0.478, valid_acc=[0.944, 0.801, 0.992, 0.728, 0.745, 0.759, 0.989, 0.976]
Epoch 102: train_loss=0.172, train_acc=[0.988, 0.918, 1.0, 0.864, 0.862, 0.875, 0.999, 0.993], valid_loss=0.451, valid_acc=[0.948, 0.813, 0.992, 0.757, 0.77, 0.78, 0.989, 0.974]
Epoch 103: train_loss=0.163, train_acc=[0.99, 0.921, 1.0, 0.872, 0.87, 0.883, 0.999, 0.993], valid_loss=0.493, valid_acc=[0.945, 0.793, 0.992, 0.719, 0.734, 0.745, 0.99, 0.974]
Epoch 104: train_loss=0.169, train_acc=[0.989, 0.92, 1.0, 0.865, 0.862, 0.875, 0.999, 0.993], valid_loss=0.473, valid_acc=[0.946, 0.809, 0.992, 0.75, 0.765, 0.773, 0.989, 0.975]
Epoch 105: train_loss=0.176, train_acc=[0.989, 0.914, 1.0, 0.86, 0.857, 0.87, 0.999, 0.993], valid_loss=0.471, valid_acc=[0.945, 0.806, 0.992, 0.742, 0.756, 0.761, 0.99, 0.974]
Epoch 106: train_loss=0.174, train_acc=[0.99, 0.916, 1.0, 0.862, 0.863, 0.874, 0.999, 0.994], valid_loss=0.467, valid_acc=[0.947, 0.809, 0.992, 0.747, 0.764, 0.773, 0.989, 0.975]
Epoch 107: train_loss=0.175, train_acc=[0.99, 0.916, 1.0, 0.86, 0.859, 0.873, 0.999, 0.994], valid_loss=0.451, valid_acc=[0.947, 0.812, 0.992, 0.752, 0.767, 0.77, 0.989, 0.974]
Epoch 108: train_loss=0.174, train_acc=[0.989, 0.917, 1.0, 0.86, 0.856, 0.871, 0.999, 0.994], valid_loss=0.467, valid_acc=[0.947, 0.806, 0.993, 0.747, 0.764, 0.771, 0.989, 0.976]
Epoch 109: train_loss=0.173, train_acc=[0.99, 0.917, 1.0, 0.861, 0.86, 0.872, 0.999, 0.993], valid_loss=0.473, valid_acc=[0.947, 0.81, 0.993, 0.755, 0.77, 0.775, 0.99, 0.973]
Epoch 110: train_loss=0.16, train_acc=[0.991, 0.924, 1.0, 0.874, 0.87, 0.883, 0.999, 0.994], valid_loss=0.456, valid_acc=[0.947, 0.814, 0.992, 0.752, 0.767, 0.777, 0.989, 0.975]
Epoch 111: train_loss=0.159, train_acc=[0.991, 0.924, 1.0, 0.875, 0.872, 0.884, 0.999, 0.994], valid_loss=0.505, valid_acc=[0.945, 0.786, 0.993, 0.714, 0.736, 0.74, 0.99, 0.972]
Epoch 112: train_loss=0.164, train_acc=[0.991, 0.923, 1.0, 0.87, 0.867, 0.879, 0.999, 0.994], valid_loss=0.466, valid_acc=[0.946, 0.812, 0.992, 0.75, 0.766, 0.772, 0.989, 0.969]
Epoch 113: train_loss=0.171, train_acc=[0.99, 0.918, 1.0, 0.862, 0.858, 0.871, 0.999, 0.994], valid_loss=0.482, valid_acc=[0.946, 0.81, 0.992, 0.75, 0.767, 0.774, 0.988, 0.976]
Epoch 114: train_loss=0.162, train_acc=[0.991, 0.922, 1.0, 0.872, 0.869, 0.881, 0.999, 0.994], valid_loss=0.472, valid_acc=[0.947, 0.803, 0.992, 0.742, 0.765, 0.77, 0.989, 0.977]
Epoch 115: train_loss=0.161, train_acc=[0.991, 0.921, 1.0, 0.871, 0.867, 0.881, 0.999, 0.994], valid_loss=0.482, valid_acc=[0.946, 0.802, 0.992, 0.737, 0.755, 0.76, 0.989, 0.975]
Epoch 116: train_loss=0.16, train_acc=[0.991, 0.923, 1.0, 0.871, 0.866, 0.88, 0.999, 0.994], valid_loss=0.431, valid_acc=[0.949, 0.825, 0.991, 0.776, 0.794, 0.8, 0.989, 0.975]
