Epoch 1: train_loss=1.697, train_acc=[0.662, 0.309, 0.997, 0.07, 0.166, 0.185, 0.964, 0.924], valid_loss=1.099, valid_acc=[0.91, 0.422, 0.999, 0.112, 0.198, 0.219, 0.991, 0.975]
Epoch 2: train_loss=1.057, train_acc=[0.91, 0.425, 0.999, 0.125, 0.205, 0.216, 0.993, 0.974], valid_loss=0.977, valid_acc=[0.911, 0.44, 0.999, 0.141, 0.219, 0.227, 0.995, 0.977]
Epoch 3: train_loss=0.967, train_acc=[0.914, 0.45, 0.999, 0.144, 0.218, 0.222, 0.996, 0.975], valid_loss=0.922, valid_acc=[0.919, 0.465, 0.999, 0.153, 0.226, 0.235, 0.997, 0.976]
Epoch 4: train_loss=0.92, train_acc=[0.922, 0.469, 0.999, 0.157, 0.228, 0.229, 0.997, 0.976], valid_loss=0.887, valid_acc=[0.929, 0.483, 0.999, 0.166, 0.236, 0.24, 0.998, 0.976]
Epoch 5: train_loss=0.888, train_acc=[0.929, 0.484, 0.999, 0.171, 0.234, 0.235, 0.998, 0.976], valid_loss=0.861, valid_acc=[0.933, 0.496, 0.999, 0.181, 0.243, 0.245, 0.998, 0.977]
Epoch 6: train_loss=0.862, train_acc=[0.933, 0.498, 0.999, 0.186, 0.242, 0.243, 0.998, 0.976], valid_loss=0.836, valid_acc=[0.936, 0.51, 0.999, 0.199, 0.248, 0.256, 0.998, 0.978]
Epoch 7: train_loss=0.842, train_acc=[0.936, 0.51, 0.999, 0.202, 0.245, 0.247, 0.998, 0.976], valid_loss=0.823, valid_acc=[0.938, 0.518, 0.999, 0.216, 0.25, 0.255, 0.998, 0.978]
Epoch 8: train_loss=0.763, train_acc=[0.938, 0.564, 0.999, 0.298, 0.272, 0.34, 0.998, 0.977], valid_loss=0.555, valid_acc=[0.941, 0.707, 0.999, 0.551, 0.382, 0.586, 0.998, 0.981]
Epoch 9: train_loss=0.484, train_acc=[0.948, 0.75, 0.999, 0.617, 0.514, 0.65, 0.998, 0.983], valid_loss=0.346, valid_acc=[0.964, 0.833, 0.999, 0.737, 0.689, 0.76, 0.998, 0.989]
Epoch 10: train_loss=0.357, train_acc=[0.966, 0.824, 0.999, 0.725, 0.694, 0.749, 0.998, 0.988], valid_loss=0.279, valid_acc=[0.975, 0.867, 0.999, 0.789, 0.778, 0.809, 0.998, 0.991]
Epoch 11: train_loss=0.304, train_acc=[0.974, 0.852, 0.999, 0.766, 0.759, 0.788, 0.998, 0.991], valid_loss=0.25, valid_acc=[0.979, 0.88, 0.999, 0.815, 0.815, 0.832, 0.998, 0.992]
Epoch 12: train_loss=0.273, train_acc=[0.977, 0.868, 0.999, 0.792, 0.792, 0.811, 0.998, 0.992], valid_loss=0.231, valid_acc=[0.981, 0.892, 0.999, 0.83, 0.837, 0.848, 0.999, 0.993]
Epoch 13: train_loss=0.248, train_acc=[0.979, 0.881, 0.999, 0.812, 0.816, 0.83, 0.999, 0.993], valid_loss=0.209, valid_acc=[0.982, 0.901, 0.999, 0.847, 0.853, 0.861, 0.999, 0.994]
Epoch 14: train_loss=0.234, train_acc=[0.981, 0.888, 0.999, 0.824, 0.83, 0.84, 0.999, 0.994], valid_loss=0.204, valid_acc=[0.983, 0.903, 0.999, 0.851, 0.86, 0.865, 0.999, 0.994]
Epoch 15: train_loss=0.22, train_acc=[0.982, 0.895, 0.999, 0.835, 0.842, 0.85, 0.999, 0.994], valid_loss=0.194, valid_acc=[0.984, 0.909, 0.999, 0.857, 0.866, 0.871, 0.999, 0.994]
Epoch 16: train_loss=0.209, train_acc=[0.983, 0.901, 0.999, 0.844, 0.852, 0.859, 0.999, 0.994], valid_loss=0.184, valid_acc=[0.985, 0.915, 0.999, 0.867, 0.876, 0.88, 0.999, 0.994]
Epoch 17: train_loss=0.197, train_acc=[0.984, 0.907, 0.999, 0.853, 0.861, 0.867, 0.999, 0.995], valid_loss=0.179, valid_acc=[0.986, 0.917, 0.999, 0.87, 0.881, 0.884, 0.999, 0.995]
Epoch 18: train_loss=0.192, train_acc=[0.985, 0.91, 1.0, 0.858, 0.866, 0.871, 0.999, 0.995], valid_loss=0.176, valid_acc=[0.986, 0.918, 0.999, 0.872, 0.883, 0.885, 0.999, 0.995]
Epoch 19: train_loss=0.186, train_acc=[0.985, 0.913, 1.0, 0.862, 0.871, 0.875, 0.999, 0.995], valid_loss=0.167, valid_acc=[0.987, 0.923, 1.0, 0.878, 0.888, 0.891, 0.999, 0.996]
Epoch 20: train_loss=0.179, train_acc=[0.986, 0.917, 1.0, 0.867, 0.876, 0.88, 0.999, 0.995], valid_loss=0.17, valid_acc=[0.986, 0.92, 1.0, 0.876, 0.887, 0.888, 0.999, 0.996]
Epoch 21: train_loss=0.173, train_acc=[0.986, 0.919, 1.0, 0.871, 0.88, 0.883, 0.999, 0.996], valid_loss=0.164, valid_acc=[0.987, 0.922, 1.0, 0.878, 0.889, 0.891, 0.999, 0.995]
Epoch 22: train_loss=0.169, train_acc=[0.987, 0.921, 1.0, 0.874, 0.882, 0.885, 0.999, 0.996], valid_loss=0.156, valid_acc=[0.988, 0.929, 1.0, 0.888, 0.898, 0.899, 0.999, 0.996]
Epoch 23: train_loss=0.164, train_acc=[0.987, 0.923, 1.0, 0.878, 0.886, 0.888, 0.999, 0.996], valid_loss=0.157, valid_acc=[0.988, 0.927, 1.0, 0.885, 0.895, 0.896, 0.999, 0.996]
Epoch 24: train_loss=0.163, train_acc=[0.988, 0.924, 1.0, 0.879, 0.887, 0.89, 0.999, 0.996], valid_loss=0.156, valid_acc=[0.987, 0.928, 1.0, 0.886, 0.895, 0.897, 0.999, 0.995]
Epoch 25: train_loss=0.157, train_acc=[0.988, 0.926, 1.0, 0.882, 0.89, 0.893, 0.999, 0.996], valid_loss=0.16, valid_acc=[0.987, 0.925, 1.0, 0.882, 0.892, 0.894, 0.999, 0.996]
Epoch 26: train_loss=0.155, train_acc=[0.988, 0.927, 1.0, 0.883, 0.891, 0.894, 0.999, 0.996], valid_loss=0.154, valid_acc=[0.988, 0.928, 1.0, 0.886, 0.896, 0.897, 0.999, 0.996]
Epoch 27: train_loss=0.151, train_acc=[0.988, 0.928, 1.0, 0.884, 0.892, 0.894, 0.999, 0.996], valid_loss=0.149, valid_acc=[0.988, 0.929, 1.0, 0.886, 0.896, 0.898, 0.999, 0.996]
Epoch 28: train_loss=0.148, train_acc=[0.988, 0.928, 1.0, 0.885, 0.893, 0.895, 0.999, 0.996], valid_loss=0.136, valid_acc=[0.989, 0.934, 1.0, 0.895, 0.904, 0.905, 0.999, 0.996]
Epoch 29: train_loss=0.142, train_acc=[0.989, 0.931, 1.0, 0.888, 0.896, 0.898, 0.999, 0.996], valid_loss=0.137, valid_acc=[0.989, 0.934, 1.0, 0.895, 0.903, 0.904, 0.999, 0.996]
Epoch 30: train_loss=0.139, train_acc=[0.989, 0.931, 1.0, 0.89, 0.898, 0.9, 0.999, 0.996], valid_loss=0.134, valid_acc=[0.989, 0.933, 1.0, 0.895, 0.906, 0.907, 0.999, 0.996]
Epoch 31: train_loss=0.138, train_acc=[0.989, 0.932, 1.0, 0.89, 0.898, 0.9, 0.999, 0.996], valid_loss=0.134, valid_acc=[0.989, 0.934, 1.0, 0.894, 0.903, 0.904, 0.999, 0.996]
Epoch 32: train_loss=0.133, train_acc=[0.99, 0.934, 1.0, 0.894, 0.902, 0.903, 1.0, 0.997], valid_loss=0.128, valid_acc=[0.989, 0.936, 1.0, 0.9, 0.907, 0.908, 0.999, 0.996]
Epoch 33: train_loss=0.132, train_acc=[0.99, 0.935, 1.0, 0.895, 0.902, 0.903, 1.0, 0.997], valid_loss=0.135, valid_acc=[0.989, 0.935, 1.0, 0.894, 0.903, 0.904, 0.999, 0.996]
Epoch 34: train_loss=0.129, train_acc=[0.99, 0.936, 1.0, 0.897, 0.903, 0.905, 1.0, 0.997], valid_loss=0.126, valid_acc=[0.99, 0.939, 1.0, 0.901, 0.908, 0.909, 0.999, 0.996]
Epoch 35: train_loss=0.128, train_acc=[0.99, 0.937, 1.0, 0.897, 0.904, 0.905, 1.0, 0.997], valid_loss=0.124, valid_acc=[0.99, 0.938, 1.0, 0.9, 0.908, 0.91, 0.999, 0.996]
Epoch 36: train_loss=0.129, train_acc=[0.99, 0.936, 1.0, 0.896, 0.903, 0.904, 1.0, 0.997], valid_loss=0.127, valid_acc=[0.99, 0.937, 1.0, 0.899, 0.907, 0.908, 0.999, 0.996]
Epoch 37: train_loss=0.123, train_acc=[0.991, 0.939, 1.0, 0.9, 0.906, 0.907, 1.0, 0.997], valid_loss=0.126, valid_acc=[0.99, 0.938, 1.0, 0.9, 0.908, 0.908, 0.999, 0.996]
Epoch 38: train_loss=0.123, train_acc=[0.991, 0.939, 1.0, 0.9, 0.906, 0.907, 1.0, 0.997], valid_loss=0.126, valid_acc=[0.99, 0.937, 1.0, 0.899, 0.906, 0.907, 0.999, 0.997]
Epoch 39: train_loss=0.122, train_acc=[0.991, 0.939, 1.0, 0.901, 0.908, 0.908, 1.0, 0.997], valid_loss=0.122, valid_acc=[0.99, 0.94, 1.0, 0.903, 0.91, 0.91, 0.999, 0.997]
Epoch 40: train_loss=0.119, train_acc=[0.991, 0.941, 1.0, 0.903, 0.909, 0.909, 1.0, 0.997], valid_loss=0.123, valid_acc=[0.99, 0.939, 1.0, 0.902, 0.908, 0.908, 0.999, 0.997]
Epoch 41: train_loss=0.118, train_acc=[0.991, 0.941, 1.0, 0.904, 0.909, 0.91, 1.0, 0.997], valid_loss=0.119, valid_acc=[0.991, 0.942, 1.0, 0.906, 0.912, 0.912, 0.999, 0.997]
Epoch 42: train_loss=0.118, train_acc=[0.991, 0.941, 1.0, 0.904, 0.909, 0.909, 1.0, 0.997], valid_loss=0.118, valid_acc=[0.99, 0.942, 1.0, 0.906, 0.913, 0.913, 0.999, 0.997]
Epoch 43: train_loss=0.118, train_acc=[0.991, 0.941, 1.0, 0.903, 0.909, 0.909, 1.0, 0.997], valid_loss=0.116, valid_acc=[0.991, 0.943, 1.0, 0.906, 0.911, 0.911, 0.999, 0.997]
Epoch 44: train_loss=0.116, train_acc=[0.991, 0.942, 1.0, 0.905, 0.909, 0.91, 1.0, 0.997], valid_loss=0.119, valid_acc=[0.99, 0.941, 1.0, 0.904, 0.91, 0.91, 0.999, 0.997]
Epoch 45: train_loss=0.116, train_acc=[0.991, 0.942, 1.0, 0.904, 0.909, 0.909, 1.0, 0.997], valid_loss=0.118, valid_acc=[0.991, 0.941, 1.0, 0.905, 0.911, 0.911, 0.999, 0.997]
Epoch 46: train_loss=0.114, train_acc=[0.992, 0.943, 1.0, 0.906, 0.911, 0.911, 1.0, 0.997], valid_loss=0.119, valid_acc=[0.991, 0.942, 1.0, 0.906, 0.911, 0.911, 0.999, 0.997]
Epoch 47: train_loss=0.112, train_acc=[0.992, 0.945, 1.0, 0.908, 0.913, 0.913, 1.0, 0.997], valid_loss=0.118, valid_acc=[0.991, 0.942, 1.0, 0.906, 0.911, 0.911, 0.999, 0.997]
Epoch 48: train_loss=0.113, train_acc=[0.992, 0.943, 1.0, 0.906, 0.911, 0.911, 1.0, 0.997], valid_loss=0.123, valid_acc=[0.99, 0.939, 1.0, 0.901, 0.907, 0.906, 0.999, 0.997]
Epoch 49: train_loss=0.111, train_acc=[0.992, 0.945, 1.0, 0.908, 0.912, 0.912, 1.0, 0.997], valid_loss=0.119, valid_acc=[0.991, 0.942, 1.0, 0.904, 0.911, 0.91, 0.999, 0.997]
Epoch 50: train_loss=0.112, train_acc=[0.992, 0.944, 1.0, 0.907, 0.911, 0.911, 1.0, 0.997], valid_loss=0.111, valid_acc=[0.991, 0.945, 1.0, 0.911, 0.916, 0.916, 0.999, 0.997]
Epoch 51: train_loss=0.109, train_acc=[0.992, 0.945, 1.0, 0.91, 0.913, 0.913, 1.0, 0.997], valid_loss=0.113, valid_acc=[0.991, 0.945, 1.0, 0.909, 0.914, 0.914, 0.999, 0.997]
Epoch 52: train_loss=0.109, train_acc=[0.992, 0.946, 1.0, 0.91, 0.913, 0.913, 1.0, 0.997], valid_loss=0.116, valid_acc=[0.991, 0.944, 1.0, 0.908, 0.912, 0.912, 0.999, 0.997]
Epoch 53: train_loss=0.107, train_acc=[0.992, 0.947, 1.0, 0.911, 0.914, 0.914, 1.0, 0.997], valid_loss=0.115, valid_acc=[0.991, 0.943, 1.0, 0.908, 0.912, 0.912, 0.999, 0.997]
Epoch 54: train_loss=0.106, train_acc=[0.993, 0.947, 1.0, 0.912, 0.915, 0.916, 1.0, 0.997], valid_loss=0.114, valid_acc=[0.991, 0.944, 1.0, 0.909, 0.913, 0.912, 0.999, 0.997]
Epoch 55: train_loss=0.105, train_acc=[0.993, 0.948, 1.0, 0.913, 0.916, 0.916, 1.0, 0.997], valid_loss=0.11, valid_acc=[0.992, 0.946, 1.0, 0.914, 0.917, 0.917, 0.999, 0.997]
Epoch 56: train_loss=0.107, train_acc=[0.993, 0.947, 1.0, 0.911, 0.914, 0.913, 1.0, 0.997], valid_loss=0.112, valid_acc=[0.992, 0.945, 1.0, 0.91, 0.913, 0.913, 0.999, 0.997]
Epoch 57: train_loss=0.107, train_acc=[0.993, 0.947, 1.0, 0.911, 0.913, 0.912, 1.0, 0.997], valid_loss=0.115, valid_acc=[0.991, 0.944, 1.0, 0.908, 0.911, 0.911, 0.999, 0.997]
Epoch 58: train_loss=0.104, train_acc=[0.993, 0.948, 1.0, 0.913, 0.915, 0.915, 1.0, 0.997], valid_loss=0.112, valid_acc=[0.991, 0.945, 1.0, 0.912, 0.916, 0.915, 0.999, 0.997]
Epoch 59: train_loss=0.103, train_acc=[0.993, 0.949, 1.0, 0.915, 0.916, 0.916, 1.0, 0.997], valid_loss=0.113, valid_acc=[0.992, 0.945, 1.0, 0.91, 0.913, 0.912, 0.999, 0.997]
Epoch 60: train_loss=0.103, train_acc=[0.993, 0.949, 1.0, 0.914, 0.916, 0.916, 1.0, 0.997], valid_loss=0.11, valid_acc=[0.992, 0.947, 1.0, 0.913, 0.915, 0.915, 0.999, 0.997]
Epoch 61: train_loss=0.103, train_acc=[0.993, 0.949, 1.0, 0.914, 0.915, 0.915, 1.0, 0.997], valid_loss=0.112, valid_acc=[0.992, 0.946, 1.0, 0.911, 0.913, 0.912, 0.999, 0.997]
Epoch 62: train_loss=0.104, train_acc=[0.993, 0.948, 1.0, 0.913, 0.915, 0.914, 1.0, 0.997], valid_loss=0.108, valid_acc=[0.992, 0.947, 1.0, 0.914, 0.916, 0.916, 0.999, 0.997]
Epoch 63: train_loss=0.101, train_acc=[0.993, 0.95, 1.0, 0.916, 0.917, 0.916, 1.0, 0.997], valid_loss=0.113, valid_acc=[0.991, 0.945, 1.0, 0.91, 0.913, 0.912, 0.999, 0.997]
Epoch 64: train_loss=0.102, train_acc=[0.993, 0.949, 1.0, 0.915, 0.916, 0.916, 1.0, 0.998], valid_loss=0.108, valid_acc=[0.992, 0.947, 1.0, 0.913, 0.915, 0.915, 0.999, 0.997]
Epoch 65: train_loss=0.099, train_acc=[0.993, 0.951, 1.0, 0.917, 0.918, 0.918, 1.0, 0.997], valid_loss=0.107, valid_acc=[0.992, 0.948, 1.0, 0.915, 0.916, 0.916, 0.999, 0.997]
Epoch 66: train_loss=0.101, train_acc=[0.993, 0.95, 1.0, 0.916, 0.916, 0.915, 1.0, 0.998], valid_loss=0.112, valid_acc=[0.992, 0.946, 1.0, 0.912, 0.915, 0.913, 0.999, 0.997]
Epoch 67: train_loss=0.101, train_acc=[0.993, 0.95, 1.0, 0.916, 0.917, 0.916, 1.0, 0.998], valid_loss=0.111, valid_acc=[0.991, 0.946, 1.0, 0.912, 0.913, 0.913, 0.999, 0.997]
Epoch 68: train_loss=0.1, train_acc=[0.994, 0.95, 1.0, 0.916, 0.917, 0.916, 1.0, 0.997], valid_loss=0.11, valid_acc=[0.992, 0.946, 1.0, 0.913, 0.914, 0.913, 0.999, 0.997]
Epoch 69: train_loss=0.099, train_acc=[0.994, 0.951, 1.0, 0.918, 0.918, 0.917, 1.0, 0.998], valid_loss=0.109, valid_acc=[0.992, 0.948, 1.0, 0.914, 0.914, 0.913, 0.999, 0.997]
Epoch 70: train_loss=0.101, train_acc=[0.994, 0.95, 1.0, 0.916, 0.916, 0.915, 1.0, 0.998], valid_loss=0.109, valid_acc=[0.992, 0.947, 1.0, 0.914, 0.915, 0.914, 0.999, 0.997]
Epoch 71: train_loss=0.098, train_acc=[0.994, 0.952, 1.0, 0.918, 0.918, 0.917, 1.0, 0.998], valid_loss=0.109, valid_acc=[0.992, 0.947, 1.0, 0.914, 0.914, 0.913, 0.999, 0.997]
Epoch 72: train_loss=0.097, train_acc=[0.994, 0.952, 1.0, 0.919, 0.919, 0.918, 1.0, 0.998], valid_loss=0.11, valid_acc=[0.992, 0.947, 1.0, 0.913, 0.914, 0.913, 0.999, 0.997]
Epoch 73: train_loss=0.095, train_acc=[0.994, 0.953, 1.0, 0.92, 0.92, 0.919, 1.0, 0.998], valid_loss=0.105, valid_acc=[0.992, 0.949, 1.0, 0.917, 0.918, 0.917, 0.999, 0.997]
Epoch 74: train_loss=0.095, train_acc=[0.994, 0.953, 1.0, 0.921, 0.92, 0.919, 1.0, 0.998], valid_loss=0.108, valid_acc=[0.992, 0.948, 1.0, 0.915, 0.916, 0.915, 0.999, 0.997]
Epoch 75: train_loss=0.097, train_acc=[0.994, 0.952, 1.0, 0.919, 0.918, 0.917, 1.0, 0.998], valid_loss=0.106, valid_acc=[0.992, 0.949, 1.0, 0.916, 0.916, 0.915, 0.999, 0.997]
Epoch 76: train_loss=0.096, train_acc=[0.994, 0.953, 1.0, 0.92, 0.918, 0.917, 1.0, 0.998], valid_loss=0.109, valid_acc=[0.992, 0.947, 1.0, 0.914, 0.914, 0.914, 0.999, 0.997]
Epoch 77: train_loss=0.096, train_acc=[0.994, 0.953, 1.0, 0.92, 0.918, 0.917, 1.0, 0.998], valid_loss=0.107, valid_acc=[0.992, 0.948, 1.0, 0.915, 0.915, 0.914, 0.999, 0.997]
Epoch 78: train_loss=0.096, train_acc=[0.994, 0.953, 1.0, 0.919, 0.918, 0.917, 1.0, 0.998], valid_loss=0.107, valid_acc=[0.992, 0.948, 1.0, 0.915, 0.914, 0.913, 0.999, 0.997]
Epoch 79: train_loss=0.094, train_acc=[0.994, 0.954, 1.0, 0.922, 0.92, 0.919, 1.0, 0.998], valid_loss=0.106, valid_acc=[0.992, 0.949, 1.0, 0.917, 0.917, 0.916, 0.999, 0.997]
Epoch 80: train_loss=0.095, train_acc=[0.994, 0.954, 1.0, 0.921, 0.919, 0.918, 1.0, 0.998], valid_loss=0.106, valid_acc=[0.992, 0.948, 1.0, 0.917, 0.917, 0.916, 0.999, 0.997]
Epoch 81: train_loss=0.093, train_acc=[0.994, 0.954, 1.0, 0.922, 0.92, 0.919, 1.0, 0.998], valid_loss=0.104, valid_acc=[0.992, 0.95, 1.0, 0.918, 0.917, 0.916, 0.999, 0.997]
Epoch 82: train_loss=0.093, train_acc=[0.994, 0.954, 1.0, 0.923, 0.92, 0.919, 1.0, 0.998], valid_loss=0.101, valid_acc=[0.992, 0.951, 1.0, 0.921, 0.92, 0.919, 0.999, 0.997]
Epoch 83: train_loss=0.091, train_acc=[0.994, 0.955, 1.0, 0.924, 0.921, 0.92, 1.0, 0.998], valid_loss=0.107, valid_acc=[0.992, 0.949, 1.0, 0.917, 0.916, 0.916, 0.999, 0.997]
Epoch 84: train_loss=0.092, train_acc=[0.995, 0.955, 1.0, 0.923, 0.92, 0.919, 1.0, 0.998], valid_loss=0.107, valid_acc=[0.992, 0.948, 1.0, 0.916, 0.915, 0.913, 0.999, 0.997]
Epoch 85: train_loss=0.091, train_acc=[0.995, 0.956, 1.0, 0.924, 0.922, 0.921, 1.0, 0.998], valid_loss=0.105, valid_acc=[0.992, 0.95, 1.0, 0.918, 0.916, 0.915, 0.999, 0.997]
Epoch 86: train_loss=0.092, train_acc=[0.995, 0.955, 1.0, 0.923, 0.92, 0.919, 1.0, 0.998], valid_loss=0.108, valid_acc=[0.992, 0.948, 1.0, 0.915, 0.914, 0.912, 1.0, 0.997]
Epoch 87: train_loss=0.091, train_acc=[0.995, 0.956, 1.0, 0.924, 0.921, 0.92, 1.0, 0.998], valid_loss=0.102, valid_acc=[0.992, 0.95, 1.0, 0.921, 0.919, 0.918, 0.999, 0.997]
Epoch 88: train_loss=0.09, train_acc=[0.995, 0.956, 1.0, 0.925, 0.921, 0.92, 1.0, 0.998], valid_loss=0.104, valid_acc=[0.992, 0.95, 1.0, 0.919, 0.916, 0.916, 1.0, 0.997]
Epoch 89: train_loss=0.09, train_acc=[0.995, 0.956, 1.0, 0.925, 0.922, 0.92, 1.0, 0.998], valid_loss=0.103, valid_acc=[0.993, 0.951, 1.0, 0.92, 0.918, 0.917, 0.999, 0.997]
Epoch 90: train_loss=0.09, train_acc=[0.995, 0.956, 1.0, 0.925, 0.921, 0.92, 1.0, 0.998], valid_loss=0.104, valid_acc=[0.993, 0.95, 1.0, 0.919, 0.918, 0.916, 1.0, 0.997]
Epoch 91: train_loss=0.089, train_acc=[0.995, 0.956, 1.0, 0.926, 0.922, 0.921, 1.0, 0.998], valid_loss=0.102, valid_acc=[0.993, 0.95, 1.0, 0.921, 0.919, 0.918, 0.999, 0.997]
Epoch 92: train_loss=0.09, train_acc=[0.995, 0.956, 1.0, 0.925, 0.922, 0.92, 1.0, 0.998], valid_loss=0.102, valid_acc=[0.993, 0.951, 1.0, 0.921, 0.919, 0.918, 0.999, 0.997]
Epoch 93: train_loss=0.088, train_acc=[0.995, 0.957, 1.0, 0.926, 0.922, 0.921, 1.0, 0.998], valid_loss=0.101, valid_acc=[0.993, 0.951, 1.0, 0.921, 0.918, 0.917, 0.999, 0.997]
Epoch 94: train_loss=0.09, train_acc=[0.995, 0.956, 1.0, 0.925, 0.921, 0.92, 1.0, 0.998], valid_loss=0.105, valid_acc=[0.993, 0.949, 1.0, 0.917, 0.914, 0.913, 0.999, 0.997]
Epoch 95: train_loss=0.087, train_acc=[0.995, 0.957, 1.0, 0.928, 0.923, 0.922, 1.0, 0.998], valid_loss=0.106, valid_acc=[0.992, 0.949, 1.0, 0.918, 0.915, 0.913, 0.999, 0.997]
Epoch 96: train_loss=0.089, train_acc=[0.995, 0.956, 1.0, 0.926, 0.922, 0.92, 1.0, 0.998], valid_loss=0.1, valid_acc=[0.993, 0.952, 1.0, 0.923, 0.92, 0.919, 1.0, 0.997]
Epoch 97: train_loss=0.088, train_acc=[0.995, 0.957, 1.0, 0.927, 0.922, 0.921, 1.0, 0.998], valid_loss=0.102, valid_acc=[0.993, 0.951, 1.0, 0.922, 0.918, 0.917, 0.999, 0.997]
Epoch 98: train_loss=0.087, train_acc=[0.995, 0.957, 1.0, 0.928, 0.923, 0.922, 1.0, 0.998], valid_loss=0.101, valid_acc=[0.993, 0.951, 1.0, 0.922, 0.919, 0.917, 0.999, 0.997]
Epoch 99: train_loss=0.088, train_acc=[0.995, 0.957, 1.0, 0.927, 0.922, 0.921, 1.0, 0.998], valid_loss=0.102, valid_acc=[0.993, 0.951, 1.0, 0.921, 0.917, 0.917, 1.0, 0.997]
Epoch 100: train_loss=0.086, train_acc=[0.995, 0.958, 1.0, 0.929, 0.924, 0.922, 1.0, 0.998], valid_loss=0.102, valid_acc=[0.993, 0.95, 1.0, 0.921, 0.917, 0.916, 0.999, 0.997]
Epoch 101: train_loss=0.087, train_acc=[0.995, 0.957, 1.0, 0.928, 0.922, 0.92, 1.0, 0.998], valid_loss=0.103, valid_acc=[0.993, 0.95, 1.0, 0.92, 0.917, 0.916, 0.999, 0.997]
Epoch 102: train_loss=0.085, train_acc=[0.995, 0.959, 1.0, 0.93, 0.924, 0.923, 1.0, 0.998], valid_loss=0.098, valid_acc=[0.993, 0.953, 1.0, 0.925, 0.921, 0.92, 0.999, 0.997]
Epoch 103: train_loss=0.085, train_acc=[0.995, 0.958, 1.0, 0.93, 0.924, 0.923, 1.0, 0.998], valid_loss=0.104, valid_acc=[0.993, 0.95, 1.0, 0.92, 0.915, 0.914, 1.0, 0.997]
Epoch 104: train_loss=0.084, train_acc=[0.996, 0.959, 1.0, 0.93, 0.924, 0.923, 1.0, 0.998], valid_loss=0.1, valid_acc=[0.993, 0.951, 1.0, 0.923, 0.921, 0.919, 0.999, 0.997]
Epoch 105: train_loss=0.086, train_acc=[0.995, 0.958, 1.0, 0.929, 0.922, 0.921, 1.0, 0.998], valid_loss=0.101, valid_acc=[0.993, 0.951, 1.0, 0.922, 0.918, 0.917, 1.0, 0.997]
Epoch 106: train_loss=0.084, train_acc=[0.996, 0.959, 1.0, 0.931, 0.924, 0.923, 1.0, 0.998], valid_loss=0.1, valid_acc=[0.993, 0.951, 1.0, 0.923, 0.919, 0.917, 0.999, 0.997]
Epoch 107: train_loss=0.085, train_acc=[0.996, 0.959, 1.0, 0.93, 0.924, 0.922, 1.0, 0.998], valid_loss=0.103, valid_acc=[0.993, 0.951, 1.0, 0.922, 0.918, 0.916, 0.999, 0.997]
Epoch 108: train_loss=0.085, train_acc=[0.996, 0.959, 1.0, 0.93, 0.923, 0.922, 1.0, 0.998], valid_loss=0.104, valid_acc=[0.993, 0.95, 1.0, 0.922, 0.917, 0.915, 0.999, 0.997]
Epoch 109: train_loss=0.084, train_acc=[0.996, 0.959, 1.0, 0.931, 0.924, 0.922, 1.0, 0.998], valid_loss=0.102, valid_acc=[0.993, 0.952, 1.0, 0.923, 0.918, 0.917, 0.999, 0.997]
Epoch 110: train_loss=0.084, train_acc=[0.996, 0.959, 1.0, 0.931, 0.924, 0.922, 1.0, 0.998], valid_loss=0.101, valid_acc=[0.993, 0.951, 1.0, 0.923, 0.918, 0.917, 0.999, 0.997]
Epoch 111: train_loss=0.083, train_acc=[0.996, 0.96, 1.0, 0.932, 0.925, 0.923, 1.0, 0.998], valid_loss=0.098, valid_acc=[0.993, 0.953, 1.0, 0.926, 0.921, 0.919, 0.999, 0.997]
Epoch 112: train_loss=0.083, train_acc=[0.996, 0.96, 1.0, 0.932, 0.925, 0.923, 1.0, 0.998], valid_loss=0.101, valid_acc=[0.993, 0.951, 1.0, 0.923, 0.919, 0.918, 0.999, 0.997]
Epoch 113: train_loss=0.082, train_acc=[0.996, 0.96, 1.0, 0.932, 0.925, 0.923, 1.0, 0.998], valid_loss=0.1, valid_acc=[0.993, 0.952, 1.0, 0.925, 0.919, 0.918, 0.999, 0.997]
Epoch 114: train_loss=0.082, train_acc=[0.996, 0.96, 1.0, 0.933, 0.925, 0.924, 1.0, 0.998], valid_loss=0.101, valid_acc=[0.993, 0.951, 1.0, 0.923, 0.916, 0.915, 0.999, 0.997]
Epoch 115: train_loss=0.081, train_acc=[0.996, 0.96, 1.0, 0.934, 0.926, 0.924, 1.0, 0.998], valid_loss=0.097, valid_acc=[0.993, 0.953, 1.0, 0.927, 0.922, 0.921, 0.999, 0.997]
Epoch 116: train_loss=0.081, train_acc=[0.996, 0.96, 1.0, 0.934, 0.926, 0.924, 1.0, 0.998], valid_loss=0.098, valid_acc=[0.993, 0.953, 1.0, 0.926, 0.92, 0.918, 0.999, 0.997]
Epoch 117: train_loss=0.082, train_acc=[0.996, 0.96, 1.0, 0.933, 0.925, 0.923, 1.0, 0.998], valid_loss=0.1, valid_acc=[0.993, 0.952, 1.0, 0.924, 0.919, 0.917, 0.999, 0.997]
Epoch 118: train_loss=0.081, train_acc=[0.996, 0.961, 1.0, 0.934, 0.926, 0.925, 1.0, 0.998], valid_loss=0.1, valid_acc=[0.993, 0.952, 1.0, 0.925, 0.919, 0.917, 0.999, 0.997]
Epoch 119: train_loss=0.08, train_acc=[0.996, 0.961, 1.0, 0.934, 0.926, 0.924, 1.0, 0.998], valid_loss=0.094, valid_acc=[0.993, 0.955, 1.0, 0.929, 0.923, 0.922, 0.999, 0.997]
Epoch 120: train_loss=0.082, train_acc=[0.996, 0.96, 1.0, 0.933, 0.924, 0.923, 1.0, 0.998], valid_loss=0.1, valid_acc=[0.993, 0.952, 1.0, 0.925, 0.92, 0.918, 0.999, 0.997]
Epoch 121: train_loss=0.081, train_acc=[0.996, 0.96, 1.0, 0.934, 0.925, 0.923, 1.0, 0.998], valid_loss=0.099, valid_acc=[0.993, 0.953, 1.0, 0.926, 0.92, 0.918, 0.999, 0.997]
Epoch 122: train_loss=0.08, train_acc=[0.996, 0.961, 1.0, 0.934, 0.926, 0.924, 1.0, 0.998], valid_loss=0.098, valid_acc=[0.993, 0.953, 1.0, 0.927, 0.921, 0.919, 0.999, 0.997]
Epoch 123: train_loss=0.079, train_acc=[0.996, 0.961, 1.0, 0.936, 0.927, 0.926, 1.0, 0.998], valid_loss=0.102, valid_acc=[0.993, 0.951, 1.0, 0.924, 0.917, 0.915, 0.999, 0.997]
Epoch 124: train_loss=0.08, train_acc=[0.996, 0.961, 1.0, 0.935, 0.926, 0.924, 1.0, 0.998], valid_loss=0.102, valid_acc=[0.993, 0.951, 1.0, 0.923, 0.916, 0.916, 0.999, 0.997]
Epoch 125: train_loss=0.079, train_acc=[0.996, 0.962, 1.0, 0.936, 0.927, 0.926, 1.0, 0.998], valid_loss=0.096, valid_acc=[0.993, 0.954, 1.0, 0.928, 0.922, 0.921, 0.999, 0.997]
Epoch 126: train_loss=0.078, train_acc=[0.996, 0.962, 1.0, 0.936, 0.927, 0.925, 1.0, 0.998], valid_loss=0.097, valid_acc=[0.993, 0.953, 1.0, 0.928, 0.921, 0.919, 0.999, 0.997]
Epoch 127: train_loss=0.079, train_acc=[0.996, 0.961, 1.0, 0.935, 0.925, 0.924, 1.0, 0.998], valid_loss=0.097, valid_acc=[0.993, 0.953, 1.0, 0.928, 0.921, 0.92, 0.999, 0.997]
Epoch 128: train_loss=0.079, train_acc=[0.996, 0.962, 1.0, 0.936, 0.927, 0.925, 1.0, 0.998], valid_loss=0.098, valid_acc=[0.993, 0.953, 1.0, 0.928, 0.921, 0.92, 0.999, 0.997]
Epoch 129: train_loss=0.08, train_acc=[0.996, 0.961, 1.0, 0.935, 0.925, 0.923, 1.0, 0.998], valid_loss=0.097, valid_acc=[0.993, 0.954, 1.0, 0.929, 0.92, 0.919, 0.999, 0.997]
Epoch 130: train_loss=0.08, train_acc=[0.996, 0.961, 1.0, 0.935, 0.925, 0.923, 1.0, 0.998], valid_loss=0.095, valid_acc=[0.993, 0.954, 1.0, 0.93, 0.923, 0.922, 0.999, 0.997]
Epoch 131: train_loss=0.078, train_acc=[0.996, 0.962, 1.0, 0.937, 0.927, 0.925, 1.0, 0.998], valid_loss=0.101, valid_acc=[0.993, 0.951, 1.0, 0.924, 0.917, 0.915, 0.999, 0.997]
Epoch 132: train_loss=0.077, train_acc=[0.996, 0.962, 1.0, 0.937, 0.928, 0.926, 1.0, 0.998], valid_loss=0.098, valid_acc=[0.993, 0.953, 1.0, 0.927, 0.92, 0.919, 0.999, 0.997]
Epoch 133: train_loss=0.078, train_acc=[0.996, 0.962, 1.0, 0.937, 0.927, 0.925, 1.0, 0.998], valid_loss=0.098, valid_acc=[0.993, 0.953, 1.0, 0.927, 0.921, 0.92, 0.999, 0.997]
Epoch 134: train_loss=0.078, train_acc=[0.996, 0.962, 1.0, 0.937, 0.926, 0.924, 1.0, 0.998], valid_loss=0.101, valid_acc=[0.993, 0.951, 1.0, 0.925, 0.917, 0.915, 0.999, 0.997]
Epoch 135: train_loss=0.077, train_acc=[0.996, 0.962, 1.0, 0.937, 0.927, 0.925, 1.0, 0.998], valid_loss=0.096, valid_acc=[0.993, 0.953, 1.0, 0.929, 0.922, 0.921, 0.999, 0.997]
Epoch 136: train_loss=0.079, train_acc=[0.996, 0.962, 1.0, 0.936, 0.926, 0.924, 1.0, 0.998], valid_loss=0.097, valid_acc=[0.993, 0.954, 1.0, 0.929, 0.92, 0.919, 1.0, 0.997]
Epoch 137: train_loss=0.078, train_acc=[0.996, 0.962, 1.0, 0.937, 0.927, 0.925, 1.0, 0.998], valid_loss=0.098, valid_acc=[0.993, 0.953, 1.0, 0.928, 0.919, 0.917, 0.999, 0.997]
Epoch 138: train_loss=0.075, train_acc=[0.997, 0.963, 1.0, 0.939, 0.929, 0.927, 1.0, 0.998], valid_loss=0.098, valid_acc=[0.993, 0.953, 1.0, 0.928, 0.921, 0.92, 0.999, 0.997]
Epoch 139: train_loss=0.076, train_acc=[0.997, 0.963, 1.0, 0.939, 0.928, 0.926, 1.0, 0.998], valid_loss=0.097, valid_acc=[0.993, 0.953, 1.0, 0.927, 0.92, 0.918, 0.999, 0.997]
Epoch 140: train_loss=0.077, train_acc=[0.997, 0.962, 1.0, 0.938, 0.927, 0.925, 1.0, 0.998], valid_loss=0.098, valid_acc=[0.993, 0.954, 1.0, 0.929, 0.92, 0.918, 0.999, 0.997]
Epoch 141: train_loss=0.074, train_acc=[0.997, 0.964, 1.0, 0.94, 0.93, 0.928, 1.0, 0.998], valid_loss=0.096, valid_acc=[0.993, 0.953, 1.0, 0.929, 0.921, 0.919, 1.0, 0.997]
Epoch 142: train_loss=0.076, train_acc=[0.997, 0.963, 1.0, 0.938, 0.928, 0.926, 1.0, 0.998], valid_loss=0.098, valid_acc=[0.993, 0.953, 1.0, 0.928, 0.92, 0.918, 0.999, 0.997]
Epoch 143: train_loss=0.075, train_acc=[0.997, 0.963, 1.0, 0.939, 0.928, 0.926, 1.0, 0.998], valid_loss=0.1, valid_acc=[0.993, 0.952, 1.0, 0.927, 0.917, 0.916, 0.999, 0.997]
Epoch 144: train_loss=0.075, train_acc=[0.997, 0.963, 1.0, 0.939, 0.928, 0.926, 1.0, 0.998], valid_loss=0.096, valid_acc=[0.993, 0.954, 1.0, 0.93, 0.922, 0.921, 1.0, 0.997]
Epoch 145: train_loss=0.075, train_acc=[0.997, 0.963, 1.0, 0.939, 0.928, 0.926, 1.0, 0.998], valid_loss=0.095, valid_acc=[0.993, 0.954, 1.0, 0.93, 0.922, 0.921, 1.0, 0.997]
Epoch 146: train_loss=0.074, train_acc=[0.997, 0.964, 1.0, 0.94, 0.929, 0.927, 1.0, 0.998], valid_loss=0.097, valid_acc=[0.993, 0.953, 1.0, 0.929, 0.921, 0.919, 0.999, 0.997]
Epoch 147: train_loss=0.075, train_acc=[0.997, 0.963, 1.0, 0.94, 0.928, 0.927, 1.0, 0.998], valid_loss=0.099, valid_acc=[0.993, 0.953, 1.0, 0.927, 0.918, 0.916, 0.999, 0.997]
Epoch 148: train_loss=0.073, train_acc=[0.997, 0.964, 1.0, 0.941, 0.93, 0.928, 1.0, 0.998], valid_loss=0.095, valid_acc=[0.993, 0.955, 1.0, 0.931, 0.922, 0.92, 1.0, 0.997]
Epoch 149: train_loss=0.074, train_acc=[0.997, 0.964, 1.0, 0.941, 0.929, 0.927, 1.0, 0.998], valid_loss=0.096, valid_acc=[0.993, 0.954, 1.0, 0.93, 0.922, 0.921, 0.999, 0.997]
Epoch 150: train_loss=0.074, train_acc=[0.997, 0.964, 1.0, 0.941, 0.929, 0.927, 1.0, 0.998], valid_loss=0.096, valid_acc=[0.993, 0.954, 1.0, 0.93, 0.921, 0.919, 1.0, 0.997]
Epoch 151: train_loss=0.073, train_acc=[0.997, 0.965, 1.0, 0.941, 0.929, 0.928, 1.0, 0.998], valid_loss=0.1, valid_acc=[0.993, 0.952, 1.0, 0.928, 0.918, 0.916, 0.999, 0.997]
Epoch 152: train_loss=0.073, train_acc=[0.997, 0.965, 1.0, 0.942, 0.93, 0.928, 1.0, 0.998], valid_loss=0.097, valid_acc=[0.993, 0.954, 1.0, 0.931, 0.921, 0.919, 0.999, 0.997]
Epoch 153: train_loss=0.073, train_acc=[0.997, 0.964, 1.0, 0.941, 0.929, 0.927, 1.0, 0.998], valid_loss=0.096, valid_acc=[0.993, 0.954, 1.0, 0.931, 0.921, 0.92, 0.999, 0.997]
Epoch 154: train_loss=0.072, train_acc=[0.997, 0.965, 1.0, 0.942, 0.93, 0.928, 1.0, 0.998], valid_loss=0.096, valid_acc=[0.993, 0.954, 1.0, 0.93, 0.921, 0.919, 0.999, 0.997]
Epoch 155: train_loss=0.073, train_acc=[0.997, 0.965, 1.0, 0.942, 0.929, 0.928, 1.0, 0.998], valid_loss=0.093, valid_acc=[0.993, 0.955, 1.0, 0.933, 0.925, 0.922, 0.999, 0.997]
Epoch 156: train_loss=0.072, train_acc=[0.997, 0.965, 1.0, 0.942, 0.93, 0.928, 1.0, 0.998], valid_loss=0.1, valid_acc=[0.993, 0.952, 1.0, 0.929, 0.919, 0.917, 0.999, 0.997]
Epoch 157: train_loss=0.073, train_acc=[0.997, 0.965, 1.0, 0.942, 0.929, 0.927, 1.0, 0.998], valid_loss=0.098, valid_acc=[0.993, 0.953, 1.0, 0.93, 0.921, 0.918, 0.999, 0.997]
Epoch 158: train_loss=0.073, train_acc=[0.997, 0.965, 1.0, 0.942, 0.929, 0.927, 1.0, 0.998], valid_loss=0.095, valid_acc=[0.993, 0.955, 1.0, 0.932, 0.923, 0.922, 0.999, 0.997]
Epoch 159: train_loss=0.072, train_acc=[0.997, 0.965, 1.0, 0.943, 0.93, 0.928, 1.0, 0.998], valid_loss=0.095, valid_acc=[0.993, 0.955, 1.0, 0.931, 0.922, 0.921, 0.999, 0.997]
Epoch 160: train_loss=0.071, train_acc=[0.997, 0.966, 1.0, 0.943, 0.931, 0.929, 1.0, 0.998], valid_loss=0.096, valid_acc=[0.993, 0.954, 1.0, 0.931, 0.922, 0.92, 0.999, 0.997]
Epoch 161: train_loss=0.071, train_acc=[0.997, 0.966, 1.0, 0.943, 0.93, 0.928, 1.0, 0.998], valid_loss=0.096, valid_acc=[0.993, 0.954, 1.0, 0.931, 0.923, 0.92, 0.999, 0.997]
Epoch 162: train_loss=0.071, train_acc=[0.997, 0.966, 1.0, 0.943, 0.93, 0.928, 1.0, 0.998], valid_loss=0.096, valid_acc=[0.993, 0.954, 1.0, 0.932, 0.922, 0.92, 0.999, 0.997]
Epoch 163: train_loss=0.071, train_acc=[0.997, 0.965, 1.0, 0.943, 0.931, 0.929, 1.0, 0.998], valid_loss=0.096, valid_acc=[0.993, 0.955, 1.0, 0.931, 0.922, 0.921, 0.999, 0.997]
Epoch 164: train_loss=0.07, train_acc=[0.997, 0.966, 1.0, 0.944, 0.931, 0.93, 1.0, 0.998], valid_loss=0.091, valid_acc=[0.993, 0.956, 1.0, 0.935, 0.926, 0.924, 0.999, 0.997]
Epoch 165: train_loss=0.069, train_acc=[0.997, 0.966, 1.0, 0.944, 0.931, 0.929, 1.0, 0.998], valid_loss=0.096, valid_acc=[0.993, 0.954, 1.0, 0.93, 0.921, 0.92, 0.999, 0.997]
Epoch 166: train_loss=0.071, train_acc=[0.997, 0.965, 1.0, 0.943, 0.93, 0.928, 1.0, 0.998], valid_loss=0.096, valid_acc=[0.993, 0.954, 1.0, 0.931, 0.922, 0.92, 0.999, 0.997]
Epoch 167: train_loss=0.071, train_acc=[0.997, 0.965, 1.0, 0.943, 0.93, 0.928, 1.0, 0.998], valid_loss=0.094, valid_acc=[0.993, 0.954, 1.0, 0.933, 0.923, 0.921, 0.999, 0.997]
Epoch 168: train_loss=0.07, train_acc=[0.997, 0.966, 1.0, 0.944, 0.93, 0.928, 1.0, 0.998], valid_loss=0.094, valid_acc=[0.993, 0.955, 1.0, 0.932, 0.923, 0.921, 0.999, 0.997]
Epoch 169: train_loss=0.07, train_acc=[0.997, 0.966, 1.0, 0.944, 0.931, 0.929, 1.0, 0.998], valid_loss=0.098, valid_acc=[0.993, 0.953, 1.0, 0.929, 0.919, 0.917, 0.999, 0.997]
Epoch 170: train_loss=0.07, train_acc=[0.997, 0.966, 1.0, 0.944, 0.931, 0.928, 1.0, 0.998], valid_loss=0.096, valid_acc=[0.993, 0.954, 1.0, 0.932, 0.921, 0.919, 0.999, 0.997]
Epoch 171: train_loss=0.07, train_acc=[0.997, 0.966, 1.0, 0.944, 0.931, 0.929, 1.0, 0.998], valid_loss=0.095, valid_acc=[0.993, 0.955, 1.0, 0.932, 0.922, 0.92, 1.0, 0.997]
Epoch 172: train_loss=0.069, train_acc=[0.997, 0.967, 1.0, 0.945, 0.932, 0.93, 1.0, 0.998], valid_loss=0.094, valid_acc=[0.993, 0.955, 1.0, 0.933, 0.923, 0.921, 1.0, 0.997]
Epoch 173: train_loss=0.069, train_acc=[0.997, 0.967, 1.0, 0.945, 0.932, 0.93, 1.0, 0.998], valid_loss=0.095, valid_acc=[0.993, 0.955, 1.0, 0.933, 0.922, 0.92, 0.999, 0.997]
Epoch 174: train_loss=0.071, train_acc=[0.997, 0.965, 1.0, 0.944, 0.93, 0.927, 1.0, 0.998], valid_loss=0.096, valid_acc=[0.993, 0.953, 1.0, 0.931, 0.921, 0.919, 0.999, 0.997]
Epoch 175: train_loss=0.069, train_acc=[0.997, 0.967, 1.0, 0.945, 0.932, 0.93, 1.0, 0.999], valid_loss=0.096, valid_acc=[0.993, 0.954, 1.0, 0.932, 0.923, 0.921, 0.999, 0.997]
Epoch 176: train_loss=0.069, train_acc=[0.997, 0.967, 1.0, 0.945, 0.931, 0.929, 1.0, 0.998], valid_loss=0.097, valid_acc=[0.993, 0.954, 1.0, 0.931, 0.921, 0.919, 0.999, 0.997]
Epoch 177: train_loss=0.069, train_acc=[0.997, 0.966, 1.0, 0.945, 0.931, 0.929, 1.0, 0.998], valid_loss=0.093, valid_acc=[0.993, 0.955, 1.0, 0.934, 0.924, 0.922, 0.999, 0.997]
Epoch 178: train_loss=0.068, train_acc=[0.997, 0.967, 1.0, 0.946, 0.931, 0.929, 1.0, 0.998], valid_loss=0.093, valid_acc=[0.993, 0.956, 1.0, 0.935, 0.924, 0.922, 0.999, 0.997]
Epoch 179: train_loss=0.069, train_acc=[0.997, 0.967, 1.0, 0.946, 0.931, 0.929, 1.0, 0.998], valid_loss=0.098, valid_acc=[0.993, 0.954, 1.0, 0.931, 0.921, 0.919, 1.0, 0.997]
Epoch 180: train_loss=0.067, train_acc=[0.997, 0.967, 1.0, 0.947, 0.933, 0.93, 1.0, 0.999], valid_loss=0.095, valid_acc=[0.993, 0.954, 1.0, 0.933, 0.922, 0.919, 0.999, 0.997]
Epoch 181: train_loss=0.068, train_acc=[0.997, 0.967, 1.0, 0.946, 0.932, 0.93, 1.0, 0.999], valid_loss=0.093, valid_acc=[0.993, 0.956, 1.0, 0.934, 0.924, 0.922, 0.999, 0.997]
Epoch 182: train_loss=0.067, train_acc=[0.997, 0.968, 1.0, 0.947, 0.933, 0.931, 1.0, 0.999], valid_loss=0.095, valid_acc=[0.993, 0.955, 1.0, 0.933, 0.923, 0.921, 0.999, 0.997]
Epoch 183: train_loss=0.068, train_acc=[0.997, 0.967, 1.0, 0.946, 0.932, 0.93, 1.0, 0.999], valid_loss=0.097, valid_acc=[0.993, 0.954, 1.0, 0.931, 0.921, 0.918, 0.999, 0.997]
Epoch 184: train_loss=0.067, train_acc=[0.997, 0.967, 1.0, 0.947, 0.933, 0.93, 1.0, 0.999], valid_loss=0.094, valid_acc=[0.993, 0.955, 1.0, 0.933, 0.924, 0.922, 0.999, 0.997]
Epoch 185: train_loss=0.068, train_acc=[0.997, 0.967, 1.0, 0.946, 0.931, 0.929, 1.0, 0.998], valid_loss=0.098, valid_acc=[0.993, 0.953, 1.0, 0.931, 0.921, 0.919, 0.999, 0.997]
Epoch 186: train_loss=0.068, train_acc=[0.997, 0.967, 1.0, 0.946, 0.932, 0.93, 1.0, 0.999], valid_loss=0.092, valid_acc=[0.993, 0.956, 1.0, 0.935, 0.924, 0.923, 0.999, 0.997]
Epoch 187: train_loss=0.067, train_acc=[0.997, 0.968, 1.0, 0.947, 0.933, 0.93, 1.0, 0.999], valid_loss=0.095, valid_acc=[0.993, 0.955, 1.0, 0.934, 0.923, 0.921, 1.0, 0.997]
Epoch 188: train_loss=0.068, train_acc=[0.997, 0.967, 1.0, 0.947, 0.932, 0.93, 1.0, 0.999], valid_loss=0.092, valid_acc=[0.993, 0.956, 1.0, 0.934, 0.923, 0.921, 0.999, 0.997]
Epoch 189: train_loss=0.068, train_acc=[0.997, 0.967, 1.0, 0.946, 0.931, 0.929, 1.0, 0.999], valid_loss=0.093, valid_acc=[0.993, 0.955, 1.0, 0.934, 0.923, 0.921, 0.999, 0.997]
Epoch 190: train_loss=0.066, train_acc=[0.998, 0.968, 1.0, 0.948, 0.933, 0.93, 1.0, 0.999], valid_loss=0.096, valid_acc=[0.993, 0.954, 1.0, 0.933, 0.922, 0.92, 0.999, 0.997]
Epoch 191: train_loss=0.066, train_acc=[0.998, 0.968, 1.0, 0.948, 0.933, 0.931, 1.0, 0.999], valid_loss=0.094, valid_acc=[0.993, 0.955, 1.0, 0.933, 0.923, 0.921, 1.0, 0.997]
Epoch 192: train_loss=0.067, train_acc=[0.998, 0.968, 1.0, 0.947, 0.932, 0.929, 1.0, 0.999], valid_loss=0.096, valid_acc=[0.993, 0.955, 1.0, 0.933, 0.923, 0.92, 0.999, 0.997]
Epoch 193: train_loss=0.066, train_acc=[0.998, 0.968, 1.0, 0.948, 0.933, 0.931, 1.0, 0.999], valid_loss=0.093, valid_acc=[0.993, 0.956, 1.0, 0.935, 0.924, 0.922, 0.999, 0.997]
Epoch 194: train_loss=0.067, train_acc=[0.998, 0.967, 1.0, 0.947, 0.931, 0.929, 1.0, 0.999], valid_loss=0.096, valid_acc=[0.993, 0.955, 1.0, 0.933, 0.923, 0.921, 1.0, 0.997]
Time cost in pretrain of PianoBart is 233135.86444544792, start_t = 1695019282.1736414, end_t = 1695252418.038087