Epoch 1: train_loss=2.962, train_acc=[0.011, 0.078, 0.975, 0.032, 0.071, 0.104, 0.877, 0.556], valid_loss=2.555, valid_acc=[0.031, 0.143, 0.991, 0.034, 0.091, 0.128, 0.953, 0.871]
Epoch 2: train_loss=2.372, train_acc=[0.23, 0.208, 0.99, 0.049, 0.097, 0.145, 0.943, 0.923], valid_loss=2.107, valid_acc=[0.682, 0.279, 0.992, 0.057, 0.107, 0.155, 0.962, 0.953]
Epoch 3: train_loss=1.903, train_acc=[0.803, 0.315, 0.992, 0.065, 0.112, 0.169, 0.964, 0.946], valid_loss=1.587, valid_acc=[0.867, 0.355, 0.992, 0.065, 0.111, 0.166, 0.97, 0.948]
Epoch 4: train_loss=1.524, train_acc=[0.87, 0.356, 0.992, 0.074, 0.117, 0.177, 0.969, 0.95], valid_loss=1.391, valid_acc=[0.874, 0.385, 0.992, 0.076, 0.125, 0.174, 0.969, 0.953]
Epoch 5: train_loss=1.377, train_acc=[0.875, 0.385, 0.992, 0.085, 0.129, 0.187, 0.973, 0.952], valid_loss=1.312, valid_acc=[0.878, 0.397, 0.992, 0.082, 0.125, 0.178, 0.979, 0.953]
Epoch 6: train_loss=1.31, train_acc=[0.875, 0.393, 0.992, 0.092, 0.133, 0.193, 0.977, 0.952], valid_loss=1.259, valid_acc=[0.877, 0.397, 0.992, 0.094, 0.131, 0.179, 0.983, 0.955]
Epoch 7: train_loss=1.256, train_acc=[0.875, 0.399, 0.992, 0.104, 0.141, 0.198, 0.981, 0.955], valid_loss=1.206, valid_acc=[0.878, 0.41, 0.992, 0.115, 0.146, 0.196, 0.985, 0.952]
Epoch 8: train_loss=1.22, train_acc=[0.875, 0.402, 0.992, 0.11, 0.144, 0.2, 0.982, 0.954], valid_loss=1.198, valid_acc=[0.877, 0.4, 0.992, 0.104, 0.142, 0.185, 0.984, 0.954]
Epoch 9: train_loss=1.195, train_acc=[0.876, 0.401, 0.992, 0.114, 0.149, 0.199, 0.983, 0.955], valid_loss=1.156, valid_acc=[0.877, 0.414, 0.992, 0.121, 0.154, 0.202, 0.985, 0.954]
Epoch 10: train_loss=1.171, train_acc=[0.875, 0.405, 0.992, 0.119, 0.151, 0.203, 0.984, 0.955], valid_loss=1.135, valid_acc=[0.879, 0.416, 0.992, 0.13, 0.16, 0.204, 0.987, 0.955]
Epoch 11: train_loss=1.153, train_acc=[0.873, 0.405, 0.992, 0.121, 0.153, 0.202, 0.986, 0.955], valid_loss=1.123, valid_acc=[0.88, 0.419, 0.992, 0.125, 0.161, 0.2, 0.988, 0.958]
Epoch 12: train_loss=1.136, train_acc=[0.875, 0.409, 0.992, 0.124, 0.157, 0.203, 0.987, 0.955], valid_loss=1.113, valid_acc=[0.878, 0.416, 0.992, 0.126, 0.165, 0.199, 0.987, 0.957]
Epoch 13: train_loss=1.12, train_acc=[0.876, 0.41, 0.992, 0.127, 0.163, 0.207, 0.987, 0.956], valid_loss=1.091, valid_acc=[0.881, 0.425, 0.992, 0.135, 0.179, 0.212, 0.987, 0.955]
Epoch 14: train_loss=1.106, train_acc=[0.876, 0.415, 0.992, 0.129, 0.164, 0.208, 0.988, 0.956], valid_loss=1.095, valid_acc=[0.874, 0.422, 0.992, 0.126, 0.164, 0.194, 0.988, 0.956]
Epoch 15: train_loss=1.095, train_acc=[0.876, 0.418, 0.992, 0.131, 0.166, 0.209, 0.988, 0.955], valid_loss=1.086, valid_acc=[0.877, 0.423, 0.992, 0.13, 0.17, 0.196, 0.989, 0.959]
Epoch 16: train_loss=1.08, train_acc=[0.876, 0.423, 0.992, 0.136, 0.169, 0.21, 0.989, 0.957], valid_loss=1.07, valid_acc=[0.878, 0.432, 0.992, 0.133, 0.174, 0.202, 0.989, 0.955]
Epoch 17: train_loss=1.071, train_acc=[0.879, 0.425, 0.992, 0.136, 0.171, 0.211, 0.989, 0.955], valid_loss=1.076, valid_acc=[0.881, 0.427, 0.991, 0.125, 0.169, 0.193, 0.989, 0.956]
Epoch 18: train_loss=1.058, train_acc=[0.884, 0.427, 0.992, 0.141, 0.179, 0.219, 0.989, 0.955], valid_loss=1.059, valid_acc=[0.882, 0.434, 0.992, 0.134, 0.174, 0.198, 0.989, 0.955]
Epoch 19: train_loss=1.049, train_acc=[0.884, 0.434, 0.992, 0.145, 0.178, 0.218, 0.99, 0.955], valid_loss=1.056, valid_acc=[0.886, 0.433, 0.992, 0.132, 0.174, 0.2, 0.988, 0.956]
Epoch 20: train_loss=1.044, train_acc=[0.888, 0.43, 0.992, 0.144, 0.178, 0.216, 0.989, 0.955], valid_loss=1.052, valid_acc=[0.882, 0.436, 0.991, 0.134, 0.174, 0.2, 0.987, 0.965]
Epoch 21: train_loss=1.035, train_acc=[0.889, 0.437, 0.992, 0.148, 0.181, 0.219, 0.99, 0.956], valid_loss=1.04, valid_acc=[0.889, 0.441, 0.992, 0.142, 0.181, 0.202, 0.99, 0.953]
Epoch 22: train_loss=1.028, train_acc=[0.892, 0.438, 0.992, 0.149, 0.185, 0.22, 0.99, 0.957], valid_loss=1.039, valid_acc=[0.892, 0.441, 0.992, 0.14, 0.187, 0.202, 0.99, 0.959]
Epoch 23: train_loss=1.021, train_acc=[0.893, 0.441, 0.992, 0.154, 0.185, 0.222, 0.99, 0.956], valid_loss=1.027, valid_acc=[0.891, 0.448, 0.992, 0.148, 0.189, 0.208, 0.989, 0.959]
Epoch 24: train_loss=1.014, train_acc=[0.894, 0.445, 0.992, 0.157, 0.185, 0.222, 0.99, 0.956], valid_loss=1.022, valid_acc=[0.893, 0.446, 0.991, 0.152, 0.195, 0.216, 0.988, 0.956]
Epoch 25: train_loss=1.006, train_acc=[0.896, 0.447, 0.992, 0.159, 0.188, 0.226, 0.99, 0.957], valid_loss=1.032, valid_acc=[0.89, 0.444, 0.992, 0.14, 0.18, 0.197, 0.99, 0.956]
Epoch 26: train_loss=0.998, train_acc=[0.898, 0.45, 0.992, 0.165, 0.19, 0.228, 0.991, 0.956], valid_loss=1.008, valid_acc=[0.893, 0.454, 0.992, 0.157, 0.194, 0.223, 0.989, 0.958]
Epoch 27: train_loss=0.986, train_acc=[0.899, 0.457, 0.992, 0.17, 0.196, 0.234, 0.991, 0.959], valid_loss=1.006, valid_acc=[0.89, 0.458, 0.991, 0.16, 0.194, 0.218, 0.99, 0.959]
Epoch 28: train_loss=0.982, train_acc=[0.902, 0.455, 0.993, 0.173, 0.195, 0.233, 0.991, 0.957], valid_loss=1.003, valid_acc=[0.894, 0.455, 0.992, 0.159, 0.196, 0.22, 0.989, 0.956]
Epoch 29: train_loss=0.981, train_acc=[0.901, 0.456, 0.993, 0.17, 0.188, 0.23, 0.991, 0.957], valid_loss=1.005, valid_acc=[0.895, 0.455, 0.991, 0.161, 0.198, 0.213, 0.989, 0.958]
Epoch 30: train_loss=0.968, train_acc=[0.904, 0.458, 0.993, 0.177, 0.199, 0.237, 0.992, 0.96], valid_loss=0.999, valid_acc=[0.893, 0.461, 0.991, 0.165, 0.196, 0.216, 0.989, 0.956]
Epoch 31: train_loss=0.961, train_acc=[0.907, 0.462, 0.994, 0.18, 0.199, 0.24, 0.992, 0.956], valid_loss=0.99, valid_acc=[0.895, 0.46, 0.991, 0.17, 0.203, 0.227, 0.989, 0.957]
Epoch 32: train_loss=0.953, train_acc=[0.906, 0.467, 0.994, 0.184, 0.2, 0.241, 0.992, 0.959], valid_loss=1.008, valid_acc=[0.894, 0.452, 0.99, 0.157, 0.193, 0.208, 0.988, 0.955]
Epoch 33: train_loss=0.946, train_acc=[0.907, 0.468, 0.994, 0.186, 0.201, 0.244, 0.993, 0.959], valid_loss=1.001, valid_acc=[0.894, 0.452, 0.991, 0.161, 0.197, 0.212, 0.989, 0.962]
Epoch 34: train_loss=0.941, train_acc=[0.91, 0.47, 0.995, 0.189, 0.203, 0.244, 0.993, 0.959], valid_loss=0.99, valid_acc=[0.893, 0.462, 0.991, 0.174, 0.2, 0.212, 0.989, 0.959]
Epoch 35: train_loss=0.931, train_acc=[0.911, 0.474, 0.995, 0.194, 0.207, 0.251, 0.994, 0.959], valid_loss=0.991, valid_acc=[0.895, 0.458, 0.991, 0.171, 0.203, 0.217, 0.989, 0.96]
Epoch 36: train_loss=0.924, train_acc=[0.912, 0.478, 0.996, 0.198, 0.207, 0.252, 0.994, 0.96], valid_loss=0.995, valid_acc=[0.892, 0.466, 0.991, 0.166, 0.196, 0.212, 0.988, 0.955]
Epoch 37: train_loss=0.921, train_acc=[0.913, 0.477, 0.996, 0.199, 0.203, 0.251, 0.995, 0.96], valid_loss=0.977, valid_acc=[0.892, 0.472, 0.991, 0.184, 0.201, 0.224, 0.989, 0.955]
Epoch 38: train_loss=0.911, train_acc=[0.915, 0.482, 0.997, 0.205, 0.205, 0.254, 0.995, 0.96], valid_loss=0.984, valid_acc=[0.894, 0.464, 0.99, 0.177, 0.203, 0.223, 0.988, 0.956]
Epoch 39: train_loss=0.901, train_acc=[0.916, 0.488, 0.997, 0.211, 0.211, 0.258, 0.996, 0.962], valid_loss=0.979, valid_acc=[0.895, 0.472, 0.99, 0.178, 0.203, 0.219, 0.988, 0.959]
Epoch 40: train_loss=0.895, train_acc=[0.917, 0.489, 0.997, 0.215, 0.214, 0.26, 0.996, 0.963], valid_loss=0.983, valid_acc=[0.893, 0.466, 0.989, 0.181, 0.201, 0.22, 0.988, 0.958]
Epoch 41: train_loss=0.893, train_acc=[0.918, 0.489, 0.997, 0.215, 0.212, 0.261, 0.996, 0.964], valid_loss=0.976, valid_acc=[0.895, 0.47, 0.99, 0.189, 0.207, 0.228, 0.988, 0.96]
Epoch 42: train_loss=0.884, train_acc=[0.918, 0.494, 0.998, 0.224, 0.215, 0.265, 0.996, 0.963], valid_loss=0.976, valid_acc=[0.891, 0.475, 0.99, 0.193, 0.201, 0.225, 0.988, 0.957]
Epoch 43: train_loss=0.879, train_acc=[0.919, 0.498, 0.998, 0.225, 0.215, 0.266, 0.996, 0.964], valid_loss=0.973, valid_acc=[0.895, 0.466, 0.991, 0.195, 0.209, 0.231, 0.989, 0.955]
Epoch 44: train_loss=0.869, train_acc=[0.921, 0.502, 0.998, 0.234, 0.215, 0.271, 0.997, 0.964], valid_loss=0.97, valid_acc=[0.895, 0.471, 0.991, 0.196, 0.204, 0.229, 0.988, 0.957]
Epoch 45: train_loss=0.856, train_acc=[0.922, 0.511, 0.998, 0.245, 0.219, 0.282, 0.997, 0.963], valid_loss=0.939, valid_acc=[0.894, 0.494, 0.991, 0.225, 0.214, 0.255, 0.988, 0.955]
Epoch 46: train_loss=0.839, train_acc=[0.922, 0.517, 0.998, 0.269, 0.219, 0.295, 0.997, 0.965], valid_loss=0.905, valid_acc=[0.895, 0.502, 0.99, 0.276, 0.215, 0.291, 0.989, 0.956]
Epoch 47: train_loss=0.795, train_acc=[0.923, 0.541, 0.998, 0.337, 0.225, 0.352, 0.997, 0.964], valid_loss=0.843, valid_acc=[0.897, 0.534, 0.99, 0.368, 0.225, 0.374, 0.988, 0.96]
Epoch 48: train_loss=0.748, train_acc=[0.923, 0.575, 0.998, 0.407, 0.231, 0.423, 0.997, 0.966], valid_loss=0.794, valid_acc=[0.896, 0.576, 0.99, 0.431, 0.227, 0.46, 0.988, 0.959]
Epoch 49: train_loss=0.708, train_acc=[0.923, 0.605, 0.998, 0.454, 0.237, 0.486, 0.997, 0.967], valid_loss=0.758, valid_acc=[0.897, 0.607, 0.991, 0.468, 0.244, 0.516, 0.989, 0.957]
Epoch 50: train_loss=0.666, train_acc=[0.925, 0.637, 0.998, 0.493, 0.255, 0.538, 0.997, 0.967], valid_loss=0.72, valid_acc=[0.898, 0.639, 0.99, 0.51, 0.259, 0.555, 0.988, 0.958]
Epoch 51: train_loss=0.634, train_acc=[0.926, 0.666, 0.999, 0.522, 0.272, 0.569, 0.997, 0.969], valid_loss=0.701, valid_acc=[0.9, 0.657, 0.99, 0.52, 0.284, 0.569, 0.988, 0.964]
Epoch 52: train_loss=0.608, train_acc=[0.928, 0.685, 0.999, 0.541, 0.299, 0.591, 0.997, 0.97], valid_loss=0.667, valid_acc=[0.902, 0.682, 0.99, 0.554, 0.304, 0.602, 0.987, 0.961]
Epoch 53: train_loss=0.581, train_acc=[0.93, 0.706, 0.999, 0.567, 0.322, 0.614, 0.997, 0.972], valid_loss=0.647, valid_acc=[0.903, 0.697, 0.989, 0.571, 0.34, 0.617, 0.987, 0.959]
Epoch 54: train_loss=0.555, train_acc=[0.932, 0.723, 0.999, 0.589, 0.353, 0.635, 0.998, 0.973], valid_loss=0.648, valid_acc=[0.906, 0.693, 0.991, 0.559, 0.365, 0.617, 0.988, 0.966]
Epoch 55: train_loss=0.532, train_acc=[0.935, 0.734, 0.999, 0.607, 0.388, 0.652, 0.997, 0.974], valid_loss=0.61, valid_acc=[0.907, 0.721, 0.991, 0.604, 0.421, 0.648, 0.988, 0.966]
Epoch 56: train_loss=0.512, train_acc=[0.937, 0.747, 0.999, 0.623, 0.427, 0.668, 0.998, 0.977], valid_loss=0.577, valid_acc=[0.911, 0.739, 0.99, 0.63, 0.462, 0.67, 0.988, 0.967]
Epoch 57: train_loss=0.488, train_acc=[0.94, 0.759, 0.999, 0.642, 0.464, 0.684, 0.998, 0.977], valid_loss=0.566, valid_acc=[0.913, 0.745, 0.99, 0.643, 0.494, 0.68, 0.989, 0.964]
Epoch 58: train_loss=0.472, train_acc=[0.943, 0.767, 0.999, 0.658, 0.499, 0.697, 0.998, 0.978], valid_loss=0.558, valid_acc=[0.914, 0.747, 0.991, 0.648, 0.529, 0.684, 0.989, 0.968]
Epoch 59: train_loss=0.453, train_acc=[0.945, 0.778, 0.999, 0.672, 0.536, 0.709, 0.998, 0.978], valid_loss=0.521, valid_acc=[0.922, 0.767, 0.99, 0.668, 0.572, 0.709, 0.989, 0.968]
Epoch 60: train_loss=0.439, train_acc=[0.947, 0.784, 0.999, 0.682, 0.567, 0.718, 0.998, 0.98], valid_loss=0.553, valid_acc=[0.925, 0.745, 0.99, 0.648, 0.58, 0.686, 0.988, 0.969]
Epoch 61: train_loss=0.415, train_acc=[0.95, 0.798, 0.999, 0.7, 0.599, 0.736, 0.998, 0.981], valid_loss=0.521, valid_acc=[0.926, 0.765, 0.991, 0.677, 0.612, 0.713, 0.989, 0.97]
Epoch 62: train_loss=0.409, train_acc=[0.952, 0.8, 0.999, 0.705, 0.618, 0.739, 0.998, 0.981], valid_loss=0.507, valid_acc=[0.927, 0.771, 0.991, 0.685, 0.629, 0.72, 0.989, 0.968]
Epoch 63: train_loss=0.405, train_acc=[0.953, 0.801, 0.999, 0.703, 0.631, 0.738, 0.998, 0.982], valid_loss=0.528, valid_acc=[0.925, 0.757, 0.991, 0.667, 0.627, 0.699, 0.989, 0.97]
Epoch 64: train_loss=0.385, train_acc=[0.955, 0.811, 0.999, 0.721, 0.655, 0.755, 0.998, 0.983], valid_loss=0.496, valid_acc=[0.93, 0.781, 0.99, 0.695, 0.66, 0.729, 0.989, 0.971]
Epoch 65: train_loss=0.374, train_acc=[0.957, 0.817, 0.999, 0.73, 0.673, 0.76, 0.998, 0.983], valid_loss=0.491, valid_acc=[0.931, 0.779, 0.99, 0.691, 0.667, 0.722, 0.989, 0.973]
Epoch 66: train_loss=0.363, train_acc=[0.959, 0.824, 0.999, 0.738, 0.688, 0.769, 0.998, 0.984], valid_loss=0.472, valid_acc=[0.934, 0.795, 0.991, 0.714, 0.695, 0.743, 0.989, 0.972]
Epoch 67: train_loss=0.353, train_acc=[0.96, 0.829, 0.999, 0.746, 0.703, 0.776, 0.998, 0.985], valid_loss=0.486, valid_acc=[0.934, 0.786, 0.991, 0.708, 0.695, 0.74, 0.989, 0.972]
Epoch 68: train_loss=0.346, train_acc=[0.961, 0.832, 0.999, 0.752, 0.714, 0.78, 0.998, 0.986], valid_loss=0.482, valid_acc=[0.936, 0.789, 0.991, 0.713, 0.699, 0.739, 0.988, 0.973]
Epoch 69: train_loss=0.334, train_acc=[0.962, 0.839, 0.999, 0.761, 0.727, 0.789, 0.998, 0.985], valid_loss=0.463, valid_acc=[0.938, 0.8, 0.991, 0.723, 0.717, 0.754, 0.989, 0.972]
Epoch 70: train_loss=0.323, train_acc=[0.963, 0.845, 0.999, 0.769, 0.738, 0.795, 0.998, 0.986], valid_loss=0.477, valid_acc=[0.936, 0.791, 0.991, 0.711, 0.706, 0.738, 0.989, 0.972]
Epoch 71: train_loss=0.327, train_acc=[0.964, 0.842, 0.999, 0.764, 0.738, 0.791, 0.998, 0.986], valid_loss=0.466, valid_acc=[0.936, 0.795, 0.99, 0.725, 0.718, 0.753, 0.989, 0.973]
Epoch 72: train_loss=0.323, train_acc=[0.964, 0.844, 0.999, 0.769, 0.744, 0.795, 0.998, 0.986], valid_loss=0.45, valid_acc=[0.94, 0.805, 0.991, 0.738, 0.734, 0.764, 0.989, 0.97]
Epoch 73: train_loss=0.309, train_acc=[0.966, 0.851, 1.0, 0.779, 0.757, 0.803, 0.998, 0.987], valid_loss=0.47, valid_acc=[0.939, 0.795, 0.992, 0.72, 0.717, 0.749, 0.989, 0.973]
Epoch 74: train_loss=0.308, train_acc=[0.966, 0.853, 0.999, 0.779, 0.759, 0.803, 0.998, 0.987], valid_loss=0.436, valid_acc=[0.942, 0.808, 0.991, 0.74, 0.742, 0.769, 0.99, 0.976]
Epoch 75: train_loss=0.304, train_acc=[0.966, 0.854, 0.999, 0.783, 0.764, 0.807, 0.998, 0.987], valid_loss=0.464, valid_acc=[0.941, 0.802, 0.991, 0.732, 0.733, 0.758, 0.989, 0.971]
Epoch 76: train_loss=0.298, train_acc=[0.967, 0.856, 1.0, 0.786, 0.771, 0.811, 0.998, 0.987], valid_loss=0.434, valid_acc=[0.942, 0.815, 0.991, 0.749, 0.755, 0.774, 0.989, 0.973]
Epoch 77: train_loss=0.293, train_acc=[0.968, 0.859, 1.0, 0.79, 0.776, 0.813, 0.999, 0.988], valid_loss=0.444, valid_acc=[0.94, 0.811, 0.991, 0.743, 0.749, 0.769, 0.989, 0.973]
Epoch 78: train_loss=0.28, train_acc=[0.969, 0.865, 1.0, 0.799, 0.787, 0.821, 0.998, 0.988], valid_loss=0.442, valid_acc=[0.942, 0.81, 0.991, 0.744, 0.746, 0.767, 0.989, 0.972]
Epoch 79: train_loss=0.275, train_acc=[0.97, 0.869, 1.0, 0.804, 0.792, 0.826, 0.999, 0.988], valid_loss=0.401, valid_acc=[0.945, 0.83, 0.991, 0.769, 0.772, 0.794, 0.99, 0.975]
Epoch 80: train_loss=0.276, train_acc=[0.97, 0.868, 1.0, 0.802, 0.792, 0.824, 0.999, 0.988], valid_loss=0.46, valid_acc=[0.943, 0.802, 0.992, 0.728, 0.74, 0.757, 0.99, 0.974]
Epoch 81: train_loss=0.269, train_acc=[0.971, 0.871, 1.0, 0.807, 0.798, 0.829, 0.999, 0.989], valid_loss=0.441, valid_acc=[0.943, 0.812, 0.991, 0.743, 0.754, 0.769, 0.989, 0.973]
Epoch 82: train_loss=0.266, train_acc=[0.971, 0.873, 1.0, 0.809, 0.8, 0.83, 0.999, 0.989], valid_loss=0.463, valid_acc=[0.941, 0.802, 0.991, 0.727, 0.741, 0.754, 0.989, 0.974]
Epoch 83: train_loss=0.274, train_acc=[0.971, 0.87, 1.0, 0.802, 0.796, 0.825, 0.999, 0.988], valid_loss=0.432, valid_acc=[0.942, 0.821, 0.991, 0.758, 0.765, 0.781, 0.989, 0.974]
Epoch 84: train_loss=0.26, train_acc=[0.971, 0.876, 1.0, 0.814, 0.806, 0.834, 0.999, 0.988], valid_loss=0.424, valid_acc=[0.944, 0.819, 0.991, 0.756, 0.765, 0.776, 0.99, 0.976]
Epoch 85: train_loss=0.256, train_acc=[0.972, 0.877, 1.0, 0.817, 0.808, 0.837, 0.999, 0.989], valid_loss=0.423, valid_acc=[0.945, 0.823, 0.991, 0.765, 0.775, 0.788, 0.989, 0.974]
Epoch 86: train_loss=0.255, train_acc=[0.973, 0.878, 1.0, 0.816, 0.811, 0.836, 0.999, 0.989], valid_loss=0.454, valid_acc=[0.941, 0.809, 0.99, 0.743, 0.752, 0.767, 0.989, 0.974]
Epoch 87: train_loss=0.247, train_acc=[0.974, 0.883, 1.0, 0.824, 0.819, 0.843, 0.999, 0.989], valid_loss=0.44, valid_acc=[0.944, 0.818, 0.991, 0.755, 0.766, 0.78, 0.989, 0.973]
Epoch 88: train_loss=0.243, train_acc=[0.974, 0.885, 1.0, 0.826, 0.821, 0.845, 0.999, 0.99], valid_loss=0.438, valid_acc=[0.944, 0.816, 0.991, 0.751, 0.764, 0.779, 0.989, 0.975]
Epoch 89: train_loss=0.252, train_acc=[0.974, 0.879, 1.0, 0.819, 0.816, 0.839, 0.999, 0.99], valid_loss=0.462, valid_acc=[0.94, 0.806, 0.992, 0.738, 0.748, 0.762, 0.99, 0.973]
Epoch 90: train_loss=0.247, train_acc=[0.974, 0.883, 1.0, 0.822, 0.819, 0.841, 0.999, 0.99], valid_loss=0.43, valid_acc=[0.944, 0.822, 0.992, 0.76, 0.774, 0.785, 0.99, 0.976]
Epoch 91: train_loss=0.242, train_acc=[0.975, 0.885, 1.0, 0.825, 0.824, 0.845, 0.999, 0.99], valid_loss=0.411, valid_acc=[0.945, 0.83, 0.991, 0.777, 0.788, 0.8, 0.99, 0.976]
Epoch 92: train_loss=0.232, train_acc=[0.975, 0.89, 1.0, 0.834, 0.83, 0.853, 0.999, 0.99], valid_loss=0.447, valid_acc=[0.943, 0.816, 0.991, 0.753, 0.764, 0.777, 0.989, 0.974]
Epoch 93: train_loss=0.227, train_acc=[0.976, 0.893, 1.0, 0.84, 0.837, 0.857, 0.999, 0.99], valid_loss=0.429, valid_acc=[0.945, 0.823, 0.992, 0.765, 0.779, 0.787, 0.989, 0.975]
Epoch 94: train_loss=0.233, train_acc=[0.976, 0.89, 1.0, 0.834, 0.831, 0.851, 0.999, 0.99], valid_loss=0.426, valid_acc=[0.946, 0.821, 0.991, 0.76, 0.774, 0.785, 0.989, 0.974]
Epoch 95: train_loss=0.231, train_acc=[0.976, 0.89, 1.0, 0.833, 0.831, 0.851, 0.999, 0.99], valid_loss=0.44, valid_acc=[0.944, 0.818, 0.992, 0.757, 0.774, 0.782, 0.99, 0.976]
Epoch 96: train_loss=0.226, train_acc=[0.977, 0.893, 1.0, 0.838, 0.838, 0.857, 0.999, 0.99], valid_loss=0.439, valid_acc=[0.943, 0.816, 0.991, 0.755, 0.767, 0.778, 0.989, 0.974]
Epoch 97: train_loss=0.216, train_acc=[0.978, 0.898, 1.0, 0.846, 0.845, 0.863, 0.999, 0.991], valid_loss=0.453, valid_acc=[0.943, 0.814, 0.991, 0.754, 0.767, 0.778, 0.989, 0.973]
Epoch 98: train_loss=0.218, train_acc=[0.978, 0.897, 1.0, 0.845, 0.842, 0.862, 0.999, 0.99], valid_loss=0.421, valid_acc=[0.947, 0.827, 0.991, 0.77, 0.785, 0.792, 0.99, 0.975]
Epoch 99: train_loss=0.222, train_acc=[0.978, 0.895, 1.0, 0.842, 0.84, 0.859, 0.999, 0.991], valid_loss=0.436, valid_acc=[0.946, 0.821, 0.992, 0.765, 0.778, 0.789, 0.99, 0.975]
Epoch 100: train_loss=0.207, train_acc=[0.979, 0.902, 1.0, 0.853, 0.85, 0.869, 0.999, 0.992], valid_loss=0.423, valid_acc=[0.945, 0.829, 0.991, 0.773, 0.789, 0.798, 0.989, 0.975]
Epoch 101: train_loss=0.215, train_acc=[0.978, 0.897, 1.0, 0.847, 0.845, 0.863, 0.999, 0.992], valid_loss=0.433, valid_acc=[0.945, 0.824, 0.992, 0.766, 0.78, 0.791, 0.99, 0.976]
Epoch 102: train_loss=0.217, train_acc=[0.978, 0.897, 1.0, 0.845, 0.844, 0.862, 0.999, 0.991], valid_loss=0.457, valid_acc=[0.943, 0.812, 0.991, 0.746, 0.764, 0.776, 0.989, 0.973]
Epoch 103: train_loss=0.21, train_acc=[0.979, 0.901, 1.0, 0.85, 0.847, 0.866, 0.999, 0.991], valid_loss=0.423, valid_acc=[0.947, 0.83, 0.991, 0.775, 0.786, 0.795, 0.99, 0.976]
Epoch 104: train_loss=0.214, train_acc=[0.979, 0.899, 1.0, 0.845, 0.843, 0.862, 0.999, 0.992], valid_loss=0.444, valid_acc=[0.944, 0.82, 0.991, 0.757, 0.772, 0.781, 0.99, 0.975]
Epoch 105: train_loss=0.207, train_acc=[0.98, 0.903, 1.0, 0.852, 0.852, 0.868, 0.999, 0.992], valid_loss=0.453, valid_acc=[0.943, 0.815, 0.991, 0.753, 0.768, 0.775, 0.989, 0.974]
Epoch 106: train_loss=0.206, train_acc=[0.98, 0.903, 1.0, 0.852, 0.851, 0.867, 0.999, 0.991], valid_loss=0.435, valid_acc=[0.945, 0.824, 0.991, 0.77, 0.779, 0.788, 0.989, 0.972]
Epoch 107: train_loss=0.195, train_acc=[0.981, 0.909, 1.0, 0.861, 0.859, 0.876, 0.999, 0.992], valid_loss=0.44, valid_acc=[0.945, 0.82, 0.992, 0.76, 0.773, 0.785, 0.99, 0.973]
Epoch 108: train_loss=0.202, train_acc=[0.98, 0.905, 1.0, 0.854, 0.854, 0.871, 0.999, 0.992], valid_loss=0.44, valid_acc=[0.945, 0.823, 0.991, 0.764, 0.78, 0.789, 0.99, 0.975]
Epoch 109: train_loss=0.201, train_acc=[0.981, 0.905, 1.0, 0.856, 0.856, 0.871, 0.999, 0.992], valid_loss=0.435, valid_acc=[0.945, 0.825, 0.991, 0.764, 0.781, 0.79, 0.989, 0.976]
Epoch 110: train_loss=0.2, train_acc=[0.981, 0.907, 1.0, 0.858, 0.858, 0.874, 0.999, 0.992], valid_loss=0.431, valid_acc=[0.944, 0.825, 0.991, 0.771, 0.786, 0.794, 0.99, 0.974]
Epoch 111: train_loss=0.206, train_acc=[0.98, 0.902, 1.0, 0.849, 0.85, 0.866, 0.999, 0.992], valid_loss=0.427, valid_acc=[0.946, 0.828, 0.992, 0.772, 0.789, 0.797, 0.99, 0.976]
Epoch 112: train_loss=0.193, train_acc=[0.982, 0.91, 1.0, 0.862, 0.861, 0.876, 0.999, 0.992], valid_loss=0.444, valid_acc=[0.945, 0.824, 0.991, 0.765, 0.78, 0.792, 0.989, 0.974]
Epoch 113: train_loss=0.188, train_acc=[0.982, 0.912, 1.0, 0.864, 0.865, 0.879, 0.999, 0.992], valid_loss=0.449, valid_acc=[0.946, 0.821, 0.991, 0.764, 0.78, 0.787, 0.99, 0.975]
Epoch 114: train_loss=0.192, train_acc=[0.982, 0.911, 1.0, 0.863, 0.862, 0.878, 0.999, 0.992], valid_loss=0.429, valid_acc=[0.946, 0.827, 0.992, 0.768, 0.784, 0.792, 0.99, 0.976]
Epoch 115: train_loss=0.199, train_acc=[0.982, 0.905, 1.0, 0.856, 0.855, 0.871, 0.999, 0.992], valid_loss=0.42, valid_acc=[0.946, 0.833, 0.991, 0.78, 0.792, 0.803, 0.99, 0.974]
Epoch 116: train_loss=0.178, train_acc=[0.984, 0.918, 1.0, 0.874, 0.872, 0.887, 0.999, 0.993], valid_loss=0.425, valid_acc=[0.947, 0.828, 0.992, 0.772, 0.784, 0.79, 0.99, 0.974]
Epoch 117: train_loss=0.186, train_acc=[0.983, 0.913, 1.0, 0.866, 0.865, 0.88, 0.999, 0.992], valid_loss=0.439, valid_acc=[0.945, 0.825, 0.991, 0.771, 0.785, 0.792, 0.989, 0.975]
Epoch 118: train_loss=0.182, train_acc=[0.984, 0.916, 1.0, 0.869, 0.869, 0.883, 0.999, 0.993], valid_loss=0.419, valid_acc=[0.947, 0.834, 0.991, 0.778, 0.793, 0.801, 0.99, 0.975]
Epoch 119: train_loss=0.184, train_acc=[0.983, 0.914, 1.0, 0.866, 0.866, 0.881, 0.999, 0.992], valid_loss=0.428, valid_acc=[0.947, 0.832, 0.991, 0.778, 0.791, 0.799, 0.99, 0.975]
Epoch 120: train_loss=0.189, train_acc=[0.983, 0.912, 1.0, 0.864, 0.863, 0.878, 0.999, 0.993], valid_loss=0.418, valid_acc=[0.947, 0.836, 0.991, 0.786, 0.801, 0.807, 0.99, 0.975]
Epoch 121: train_loss=0.189, train_acc=[0.983, 0.911, 1.0, 0.863, 0.86, 0.877, 0.999, 0.993], valid_loss=0.466, valid_acc=[0.943, 0.815, 0.991, 0.752, 0.769, 0.776, 0.99, 0.974]
Epoch 122: train_loss=0.18, train_acc=[0.984, 0.916, 1.0, 0.868, 0.868, 0.883, 0.999, 0.993], valid_loss=0.438, valid_acc=[0.945, 0.827, 0.991, 0.771, 0.788, 0.793, 0.989, 0.975]
Epoch 123: train_loss=0.18, train_acc=[0.984, 0.917, 1.0, 0.87, 0.869, 0.883, 0.999, 0.993], valid_loss=0.439, valid_acc=[0.945, 0.824, 0.991, 0.768, 0.784, 0.789, 0.99, 0.976]
Epoch 124: train_loss=0.18, train_acc=[0.984, 0.915, 1.0, 0.869, 0.868, 0.883, 0.999, 0.993], valid_loss=0.453, valid_acc=[0.946, 0.822, 0.992, 0.761, 0.777, 0.786, 0.99, 0.974]
Epoch 125: train_loss=0.181, train_acc=[0.985, 0.915, 1.0, 0.868, 0.868, 0.883, 0.999, 0.993], valid_loss=0.451, valid_acc=[0.945, 0.818, 0.991, 0.758, 0.775, 0.783, 0.99, 0.975]
Epoch 126: train_loss=0.18, train_acc=[0.985, 0.916, 1.0, 0.869, 0.869, 0.882, 0.999, 0.993], valid_loss=0.446, valid_acc=[0.944, 0.823, 0.991, 0.768, 0.785, 0.793, 0.989, 0.974]
Epoch 127: train_loss=0.173, train_acc=[0.985, 0.919, 1.0, 0.876, 0.874, 0.888, 0.999, 0.994], valid_loss=0.421, valid_acc=[0.948, 0.836, 0.991, 0.784, 0.798, 0.804, 0.989, 0.975]
Epoch 128: train_loss=0.171, train_acc=[0.986, 0.92, 1.0, 0.876, 0.875, 0.889, 0.999, 0.993], valid_loss=0.447, valid_acc=[0.946, 0.822, 0.991, 0.765, 0.783, 0.79, 0.99, 0.975]
Epoch 129: train_loss=0.17, train_acc=[0.986, 0.921, 1.0, 0.877, 0.876, 0.89, 0.999, 0.993], valid_loss=0.457, valid_acc=[0.945, 0.819, 0.992, 0.763, 0.778, 0.788, 0.99, 0.974]
Epoch 130: train_loss=0.169, train_acc=[0.986, 0.921, 1.0, 0.878, 0.878, 0.891, 0.999, 0.994], valid_loss=0.435, valid_acc=[0.945, 0.828, 0.992, 0.77, 0.786, 0.792, 0.99, 0.975]
Epoch 131: train_loss=0.172, train_acc=[0.986, 0.921, 1.0, 0.875, 0.875, 0.888, 0.999, 0.993], valid_loss=0.435, valid_acc=[0.945, 0.829, 0.991, 0.775, 0.79, 0.797, 0.99, 0.976]
Epoch 132: train_loss=0.176, train_acc=[0.986, 0.917, 1.0, 0.872, 0.87, 0.884, 0.999, 0.993], valid_loss=0.462, valid_acc=[0.943, 0.818, 0.991, 0.757, 0.773, 0.783, 0.989, 0.974]
Epoch 133: train_loss=0.167, train_acc=[0.986, 0.921, 1.0, 0.877, 0.876, 0.889, 0.999, 0.994], valid_loss=0.463, valid_acc=[0.944, 0.818, 0.991, 0.761, 0.776, 0.782, 0.99, 0.975]
Epoch 134: train_loss=0.17, train_acc=[0.986, 0.92, 1.0, 0.876, 0.875, 0.89, 0.999, 0.994], valid_loss=0.44, valid_acc=[0.946, 0.828, 0.992, 0.771, 0.787, 0.791, 0.99, 0.976]
Epoch 135: train_loss=0.165, train_acc=[0.986, 0.923, 1.0, 0.879, 0.878, 0.892, 0.999, 0.994], valid_loss=0.432, valid_acc=[0.946, 0.829, 0.991, 0.775, 0.789, 0.797, 0.99, 0.974]
Epoch 136: train_loss=0.164, train_acc=[0.987, 0.924, 1.0, 0.88, 0.879, 0.893, 0.999, 0.994], valid_loss=0.443, valid_acc=[0.946, 0.827, 0.991, 0.774, 0.789, 0.799, 0.99, 0.974]
Epoch 137: train_loss=0.163, train_acc=[0.987, 0.924, 1.0, 0.88, 0.879, 0.893, 0.999, 0.994], valid_loss=0.449, valid_acc=[0.944, 0.826, 0.991, 0.77, 0.786, 0.792, 0.989, 0.974]
Epoch 138: train_loss=0.165, train_acc=[0.987, 0.923, 1.0, 0.88, 0.878, 0.892, 0.999, 0.994], valid_loss=0.443, valid_acc=[0.946, 0.825, 0.991, 0.772, 0.787, 0.795, 0.989, 0.972]
Epoch 139: train_loss=0.163, train_acc=[0.987, 0.924, 1.0, 0.88, 0.879, 0.893, 0.999, 0.994], valid_loss=0.438, valid_acc=[0.947, 0.829, 0.991, 0.779, 0.796, 0.798, 0.99, 0.975]
Epoch 140: train_loss=0.162, train_acc=[0.988, 0.924, 1.0, 0.882, 0.881, 0.894, 0.999, 0.994], valid_loss=0.432, valid_acc=[0.946, 0.828, 0.991, 0.778, 0.794, 0.798, 0.989, 0.975]
Epoch 141: train_loss=0.165, train_acc=[0.987, 0.923, 1.0, 0.879, 0.877, 0.891, 0.999, 0.994], valid_loss=0.446, valid_acc=[0.946, 0.825, 0.992, 0.772, 0.791, 0.797, 0.989, 0.977]
Epoch 142: train_loss=0.161, train_acc=[0.988, 0.925, 1.0, 0.88, 0.878, 0.891, 0.999, 0.994], valid_loss=0.453, valid_acc=[0.946, 0.827, 0.991, 0.772, 0.789, 0.796, 0.99, 0.974]
Epoch 143: train_loss=0.163, train_acc=[0.988, 0.923, 1.0, 0.879, 0.877, 0.89, 0.999, 0.994], valid_loss=0.467, valid_acc=[0.946, 0.819, 0.992, 0.758, 0.775, 0.782, 0.99, 0.974]
Epoch 144: train_loss=0.155, train_acc=[0.988, 0.928, 1.0, 0.886, 0.883, 0.897, 0.999, 0.994], valid_loss=0.473, valid_acc=[0.945, 0.818, 0.991, 0.755, 0.777, 0.781, 0.989, 0.976]
Epoch 145: train_loss=0.158, train_acc=[0.988, 0.926, 1.0, 0.883, 0.883, 0.896, 0.999, 0.994], valid_loss=0.452, valid_acc=[0.945, 0.825, 0.991, 0.771, 0.79, 0.796, 0.99, 0.976]
Epoch 146: train_loss=0.154, train_acc=[0.989, 0.929, 1.0, 0.887, 0.886, 0.898, 0.999, 0.995], valid_loss=0.452, valid_acc=[0.945, 0.822, 0.992, 0.769, 0.784, 0.791, 0.99, 0.974]
Epoch 147: train_loss=0.151, train_acc=[0.989, 0.93, 1.0, 0.89, 0.889, 0.901, 0.999, 0.994], valid_loss=0.435, valid_acc=[0.946, 0.831, 0.991, 0.777, 0.795, 0.802, 0.99, 0.975]
Epoch 148: train_loss=0.155, train_acc=[0.989, 0.928, 1.0, 0.887, 0.885, 0.898, 0.999, 0.995], valid_loss=0.433, valid_acc=[0.947, 0.831, 0.991, 0.782, 0.797, 0.805, 0.989, 0.975]
Epoch 149: train_loss=0.157, train_acc=[0.988, 0.926, 1.0, 0.884, 0.882, 0.895, 0.999, 0.994], valid_loss=0.457, valid_acc=[0.944, 0.824, 0.992, 0.766, 0.784, 0.791, 0.99, 0.975]
Epoch 150: train_loss=0.167, train_acc=[0.988, 0.923, 1.0, 0.875, 0.876, 0.888, 0.999, 0.994], valid_loss=0.465, valid_acc=[0.944, 0.818, 0.992, 0.761, 0.781, 0.786, 0.99, 0.975]
